Time	X-ray (ID 01) / Impulse Imp	X-ray (ID 01) / Voltage U	X-ray (ID 01) / Current I	X-ray (ID 01) / Detector angle θ_d	X-ray (ID 01) / Crystal angle θ_c
t/s	Imp/# / s	U/kV	I/mA	θ_d/°	θ_c/°

0.00	11979	35.0	1.00	6.0	3.0
2.00	11957	35.0	1.00	6.2	3.1
4.00	11991	35.0	1.00	6.4	3.2
6.00	12018	35.0	1.00	6.6	3.3
8.00	12066	35.0	1.00	6.8	3.4
10.00	12110	35.0	1.00	7.0	3.5
12.00	12202	35.0	1.00	7.2	3.6
14.00	12291	35.0	1.00	7.4	3.7
16.00	12338	35.0	1.00	7.6	3.8
18.00	12377	35.0	1.00	7.8	3.9
20.00	12487	35.0	1.00	8.0	4.0
22.00	12543	35.0	1.00	8.2	4.1
24.00	12478	35.0	1.00	8.4	4.2
26.00	12204	35.0	1.00	8.6	4.3
28.00	11620	35.0	1.00	8.8	4.4
30.00	10671	35.0	1.00	9.0	4.5
32.00	9499	35.0	1.00	9.2	4.6
34.00	8207	35.0	1.00	9.4	4.7
36.00	7067	35.0	1.00	9.6	4.8
38.00	5748	35.0	1.00	9.8	4.9
40.00	4684	35.0	1.00	10.0	5.0
42.00	4157	35.0	1.00	10.2	5.1
44.00	3698	35.0	1.00	10.4	5.2
46.00	3331	35.0	1.00	10.6	5.3
48.00	2975	35.0	1.00	10.8	5.4
50.00	2687	35.0	1.00	11.0	5.5
52.00	2411	35.0	1.00	11.2	5.6
54.00	2085	35.0	1.00	11.4	5.7
56.00	1900	35.0	1.00	11.6	5.8
58.00	1753	35.0	1.00	11.8	5.9
60.00	1589	35.0	1.00	12.0	6.0
62.00	1577	35.0	1.00	12.2	6.1
64.00	1492	35.0	1.00	12.4	6.2
66.00	1413	35.0	1.00	12.6	6.3
68.00	1400	35.0	1.00	12.8	6.4
70.00	1346	35.0	1.00	13.0	6.5
72.00	1238	35.0	1.00	13.2	6.6
74.00	1207	35.0	1.00	13.4	6.7
76.00	1191	35.0	1.00	13.6	6.8
78.00	1160	35.0	1.00	13.8	6.9
80.00	1142	35.0	1.00	14.0	7.0
82.00	1079	35.0	1.00	14.2	7.1
84.00	1027	35.0	1.00	14.4	7.2
86.00	1043	35.0	1.00	14.6	7.3
88.00	1016	35.0	1.00	14.8	7.4
90.00	988	35.0	1.00	15.0	7.5
92.00	964	35.0	1.00	15.2	7.6
94.00	1000	35.0	1.00	15.4	7.7
96.00	934	35.0	1.00	15.6	7.8
98.00	954	35.0	1.00	15.8	7.9
100.00	907	35.0	1.00	16.0	8.0
102.00	908	35.0	1.00	16.2	8.1
104.00	923	35.0	1.00	16.4	8.2
106.00	899	35.0	1.00	16.6	8.3
108.00	913	35.0	1.00	16.8	8.4
110.00	926	35.0	1.00	17.0	8.5
112.00	952	35.0	1.00	17.2	8.6
114.00	893	35.0	1.00	17.4	8.7
116.00	914	35.0	1.00	17.6	8.8
118.00	1039	35.0	1.00	17.8	8.9
120.00	1353	35.0	1.00	18.0	9.0
122.00	1915	35.0	1.00	18.2	9.1
124.00	1982	35.0	1.00	18.4	9.2
126.00	1348	35.0	1.00	18.6	9.3
128.00	1097	35.0	1.00	18.8	9.4
130.00	975	35.0	1.00	19.0	9.5
132.00	1010	35.0	1.00	19.2	9.6
134.00	968	35.0	1.00	19.4	9.7
136.00	949	35.0	1.00	19.6	9.8
138.00	1007	35.0	1.00	19.8	9.9
140.00	1028	35.0	1.00	20.0	10.0
142.00	1733	35.0	1.00	20.2	10.1
144.00	4507	35.0	1.00	20.4	10.2
146.00	7047	35.0	1.00	20.6	10.3
148.00	4667	35.0	1.00	20.8	10.4
150.00	1887	35.0	1.00	21.0	10.5
152.00	1234	35.0	1.00	21.2	10.6
154.00	1099	35.0	1.00	21.4	10.7
156.00	1077	35.0	1.00	21.6	10.8
158.00	1016	35.0	1.00	21.8	10.9
160.00	992	35.0	1.00	22.0	11.0
162.00	995	35.0	1.00	22.2	11.1
164.00	968	35.0	1.00	22.4	11.2
166.00	974	35.0	1.00	22.6	11.3
168.00	982	35.0	1.00	22.8	11.4
170.00	975	35.0	1.00	23.0	11.5
172.00	960	35.0	1.00	23.2	11.6
174.00	958	35.0	1.00	23.4	11.7
176.00	947	35.0	1.00	23.6	11.8
178.00	944	35.0	1.00	23.8	11.9
180.00	924	35.0	1.00	24.0	12.0
182.00	953	35.0	1.00	24.2	12.1
184.00	960	35.0	1.00	24.4	12.2
186.00	933	35.0	1.00	24.6	12.3
188.00	938	35.0	1.00	24.8	12.4
190.00	951	35.0	1.00	25.0	12.5
192.00	962	35.0	1.00	25.2	12.6
194.00	943	35.0	1.00	25.4	12.7
196.00	944	35.0	1.00	25.6	12.8
198.00	964	35.0	1.00	25.8	12.9
200.00	930	35.0	1.00	26.0	13.0
202.00	915	35.0	1.00	26.2	13.1
204.00	906	35.0	1.00	26.4	13.2
206.00	891	35.0	1.00	26.6	13.3
208.00	856	35.0	1.00	26.8	13.4
210.00	821	35.0	1.00	27.0	13.5
212.00	821	35.0	1.00	27.2	13.6
214.00	809	35.0	1.00	27.4	13.7
216.00	800	35.0	1.00	27.6	13.8
218.00	780	35.0	1.00	27.8	13.9
220.00	827	35.0	1.00	28.0	14.0
222.00	782	35.0	1.00	28.2	14.1
224.00	765	35.0	1.00	28.4	14.2
226.00	718	35.0	1.00	28.6	14.3
228.00	776	35.0	1.00	28.8	14.4
230.00	771	35.0	1.00	29.0	14.5
232.00	753	35.0	1.00	29.2	14.6
234.00	748	35.0	1.00	29.4	14.7
236.00	723	35.0	1.00	29.6	14.8
238.00	729	35.0	1.00	29.8	14.9
240.00	720	35.0	1.00	30.0	15.0
242.00	736	35.0	1.00	30.2	15.1
244.00	769	35.0	1.00	30.4	15.2
246.00	741	35.0	1.00	30.6	15.3
248.00	699	35.0	1.00	30.8	15.4
250.00	716	35.0	1.00	31.0	15.5
252.00	720	35.0	1.00	31.2	15.6
254.00	711	35.0	1.00	31.4	15.7
256.00	711	35.0	1.00	31.6	15.8
258.00	711	35.0	1.00	31.8	15.9
260.00	704	35.0	1.00	32.0	16.0
262.00	694	35.0	1.00	32.2	16.1
264.00	722	35.0	1.00	32.4	16.2
266.00	696	35.0	1.00	32.6	16.3
268.00	685	35.0	1.00	32.8	16.4
270.00	648	35.0	1.00	33.0	16.5
272.00	688	35.0	1.00	33.2	16.6
274.00	646	35.0	1.00	33.4	16.7
276.00	618	35.0	1.00	33.6	16.8
278.00	645	35.0	1.00	33.8	16.9
280.00	643	35.0	1.00	34.0	17.0
282.00	611	35.0	1.00	34.2	17.1
284.00	627	35.0	1.00	34.4	17.2
286.00	583	35.0	1.00	34.6	17.3
288.00	614	35.0	1.00	34.8	17.4
290.00	624	35.0	1.00	35.0	17.5
292.00	624	35.0	1.00	35.2	17.6
294.00	588	35.0	1.00	35.4	17.7
296.00	607	35.0	1.00	35.6	17.8
298.00	584	35.0	1.00	35.8	17.9
300.00	630	35.0	1.00	36.0	18.0
302.00	636	35.0	1.00	36.2	18.1
304.00	615	35.0	1.00	36.4	18.2
306.00	689	35.0	1.00	36.6	18.3
308.00	730	35.0	1.00	36.8	18.4
310.00	682	35.0	1.00	37.0	18.5
312.00	600	35.0	1.00	37.2	18.6
314.00	598	35.0	1.00	37.4	18.7
316.00	608	35.0	1.00	37.6	18.8
318.00	564	35.0	1.00	37.8	18.9
320.00	584	35.0	1.00	38.0	19.0
322.00	597	35.0	1.00	38.2	19.1
324.00	540	35.0	1.00	38.4	19.2
326.00	585	35.0	1.00	38.6	19.3
328.00	561	35.0	1.00	38.8	19.4
330.00	562	35.0	1.00	39.0	19.5
332.00	536	35.0	1.00	39.2	19.6
334.00	516	35.0	1.00	39.4	19.7
336.00	517	35.0	1.00	39.6	19.8
338.00	528	35.0	1.00	39.8	19.9
340.00	523	35.0	1.00	40.0	20.0
342.00	505	35.0	1.00	40.2	20.1
344.00	514	35.0	1.00	40.4	20.2
346.00	499	35.0	1.00	40.6	20.3
348.00	516	35.0	1.00	40.8	20.4
350.00	577	35.0	1.00	41.0	20.5
352.00	959	35.0	1.00	41.2	20.6
354.00	1393	35.0	1.00	41.4	20.7
356.00	1405	35.0	1.00	41.6	20.8
358.00	891	35.0	1.00	41.8	20.9
360.00	567	35.0	1.00	42.0	21.0
362.00	478	35.0	1.00	42.2	21.1
364.00	437	35.0	1.00	42.4	21.2
366.00	455	35.0	1.00	42.6	21.3
368.00	455	35.0	1.00	42.8	21.4
370.00	481	35.0	1.00	43.0	21.5
372.00	471	35.0	1.00	43.2	21.6
374.00	451	35.0	1.00	43.4	21.7
376.00	424	35.0	1.00	43.6	21.8
378.00	421	35.0	1.00	43.8	21.9
380.00	397	35.0	1.00	44.0	22.0
382.00	434	35.0	1.00	44.2	22.1
384.00	415	35.0	1.00	44.4	22.2
386.00	393	35.0	1.00	44.6	22.3
388.00	389	35.0	1.00	44.8	22.4
390.00	406	35.0	1.00	45.0	22.5
392.00	412	35.0	1.00	45.2	22.6
394.00	398	35.0	1.00	45.4	22.7
396.00	402	35.0	1.00	45.6	22.8
398.00	408	35.0	1.00	45.8	22.9
400.00	406	35.0	1.00	46.0	23.0
402.00	381	35.0	1.00	46.2	23.1
404.00	345	35.0	1.00	46.4	23.2
406.00	342	35.0	1.00	46.6	23.3
408.00	340	35.0	1.00	46.8	23.4
410.00	331	35.0	1.00	47.0	23.5
412.00	318	35.0	1.00	47.2	23.6
414.00	335	35.0	1.00	47.4	23.7
416.00	322	35.0	1.00	47.6	23.8
418.00	323	35.0	1.00	47.8	23.9
420.00	300	35.0	1.00	48.0	24.0
422.00	314	35.0	1.00	48.2	24.1
424.00	304	35.0	1.00	48.4	24.2
426.00	311	35.0	1.00	48.6	24.3
428.00	290	35.0	1.00	48.8	24.4
430.00	269	35.0	1.00	49.0	24.5
432.00	289	35.0	1.00	49.2	24.6
434.00	278	35.0	1.00	49.4	24.7
436.00	297	35.0	1.00	49.6	24.8
438.00	278	35.0	1.00	49.8	24.9
440.00	261	35.0	1.00	50.0	25.0
442.00	283	35.0	1.00	50.2	25.1
444.00	264	35.0	1.00	50.4	25.2
446.00	273	35.0	1.00	50.6	25.3
448.00	257	35.0	1.00	50.8	25.4
450.00	243	35.0	1.00	51.0	25.5
452.00	236	35.0	1.00	51.2	25.6
454.00	234	35.0	1.00	51.4	25.7
456.00	248	35.0	1.00	51.6	25.8
458.00	244	35.0	1.00	51.8	25.9
460.00	229	35.0	1.00	52.0	26.0
462.00	227	35.0	1.00	52.2	26.1
464.00	246	35.0	1.00	52.4	26.2
466.00	233	35.0	1.00	52.6	26.3
468.00	214	35.0	1.00	52.8	26.4
470.00	232	35.0	1.00	53.0	26.5
472.00	243	35.0	1.00	53.2	26.6
474.00	236	35.0	1.00	53.4	26.7
476.00	237	35.0	1.00	53.6	26.8
478.00	227	35.0	1.00	53.8	26.9
480.00	209	35.0	1.00	54.0	27.0
482.00	206	35.0	1.00	54.2	27.1
484.00	205	35.0	1.00	54.4	27.2
486.00	195	35.0	1.00	54.6	27.3
488.00	225	35.0	1.00	54.8	27.4
490.00	201	35.0	1.00	55.0	27.5
492.00	210	35.0	1.00	55.2	27.6
494.00	210	35.0	1.00	55.4	27.7
496.00	193	35.0	1.00	55.6	27.8
498.00	188	35.0	1.00	55.8	27.9
500.00	206	35.0	1.00	56.0	28.0
502.00	215	35.0	1.00	56.2	28.1
504.00	208	35.0	1.00	56.4	28.2
506.00	197	35.0	1.00	56.6	28.3
508.00	180	35.0	1.00	56.8	28.4
510.00	217	35.0	1.00	57.0	28.5
512.00	178	35.0	1.00	57.2	28.6
514.00	178	35.0	1.00	57.4	28.7
516.00	178	35.0	1.00	57.6	28.8
518.00	172	35.0	1.00	57.8	28.9
520.00	181	35.0	1.00	58.0	29.0
522.00	169	35.0	1.00	58.2	29.1
524.00	186	35.0	1.00	58.4	29.2
526.00	175	35.0	1.00	58.6	29.3
528.00	163	35.0	1.00	58.8	29.4
530.00	144	35.0	1.00	59.0	29.5
532.00	156	35.0	1.00	59.2	29.6
534.00	176	35.0	1.00	59.4	29.7
536.00	148	35.0	1.00	59.6	29.8
538.00	164	35.0	1.00	59.8	29.9
540.00	165	35.0	1.00	60.0	30.0
542.00	167	35.0	1.00	60.2	30.1
544.00	163	35.0	1.00	60.4	30.2
546.00	159	35.0	1.00	60.6	30.3
548.00	160	35.0	1.00	60.8	30.4
550.00	154	35.0	1.00	61.0	30.5
552.00	188	35.0	1.00	61.2	30.6
554.00	163	35.0	1.00	61.4	30.7
556.00	160	35.0	1.00	61.6	30.8
558.00	161	35.0	1.00	61.8	30.9
560.00	137	35.0	1.00	62.0	31.0
562.00	155	35.0	1.00	62.2	31.1
564.00	166	35.0	1.00	62.4	31.2
566.00	172	35.0	1.00	62.6	31.3
568.00	154	35.0	1.00	62.8	31.4
570.00	150	35.0	1.00	63.0	31.5
572.00	160	35.0	1.00	63.2	31.6
574.00	173	35.0	1.00	63.4	31.7
576.00	165	35.0	1.00	63.6	31.8
578.00	263	35.0	1.00	63.8	31.9
580.00	273	35.0	1.00	64.0	32.0
582.00	238	35.0	1.00	64.2	32.1
584.00	219	35.0	1.00	64.4	32.2
586.00	181	35.0	1.00	64.6	32.3
588.00	154	35.0	1.00	64.8	32.4
590.00	148	35.0	1.00	65.0	32.5
592.00	158	35.0	1.00	65.2	32.6
594.00	150	35.0	1.00	65.4	32.7
596.00	140	35.0	1.00	65.6	32.8
598.00	134	35.0	1.00	65.8	32.9
600.00	149	35.0	1.00	66.0	33.0
602.00	153	35.0	1.00	66.2	33.1
604.00	152	35.0	1.00	66.4	33.2
606.00	148	35.0	1.00	66.6	33.3
608.00	143	35.0	1.00	66.8	33.4
610.00	132	35.0	1.00	67.0	33.5
612.00	141	35.0	1.00	67.2	33.6
614.00	121	35.0	1.00	67.4	33.7
616.00	133	35.0	1.00	67.6	33.8
618.00	139	35.0	1.00	67.8	33.9
620.00	126	35.0	1.00	68.0	34.0
622.00	138	35.0	1.00	68.2	34.1
624.00	119	35.0	1.00	68.4	34.2
626.00	136	35.0	1.00	68.6	34.3
628.00	114	35.0	1.00	68.8	34.4
630.00	129	35.0	1.00	69.0	34.5
632.00	144	35.0	1.00	69.2	34.6
634.00	139	35.0	1.00	69.4	34.7
636.00	144	35.0	1.00	69.6	34.8
638.00	132	35.0	1.00	69.8	34.9
640.00	139	35.0	1.00	70.0	35.0
642.00	129	35.0	1.00	70.2	35.1
644.00	134	35.0	1.00	70.4	35.2
646.00	128	35.0	1.00	70.6	35.3
648.00	121	35.0	1.00	70.8	35.4
650.00	121	35.0	1.00	71.0	35.5
652.00	136	35.0	1.00	71.2	35.6
654.00	119	35.0	1.00	71.4	35.7
656.00	122	35.0	1.00	71.6	35.8
658.00	125	35.0	1.00	71.8	35.9
660.00	119	35.0	1.00	72.0	36.0
662.00	122	35.0	1.00	72.2	36.1
664.00	122	35.0	1.00	72.4	36.2
666.00	114	35.0	1.00	72.6	36.3
668.00	115	35.0	1.00	72.8	36.4
670.00	113	35.0	1.00	73.0	36.5
672.00	116	35.0	1.00	73.2	36.6
674.00	126	35.0	1.00	73.4	36.7
676.00	135	35.0	1.00	73.6	36.8
678.00	112	35.0	1.00	73.8	36.9
680.00	124	35.0	1.00	74.0	37.0
682.00	119	35.0	1.00	74.2	37.1
684.00	122	35.0	1.00	74.4	37.2
686.00	125	35.0	1.00	74.6	37.3
688.00	108	35.0	1.00	74.8	37.4
690.00	114	35.0	1.00	75.0	37.5
692.00	108	35.0	1.00	75.2	37.6
694.00	112	35.0	1.00	75.4	37.7
696.00	102	35.0	1.00	75.6	37.8
698.00	117	35.0	1.00	75.8	37.9
700.00	124	35.0	1.00	76.0	38.0
702.00	115	35.0	1.00	76.2	38.1
704.00	127	35.0	1.00	76.4	38.2
706.00	107	35.0	1.00	76.6	38.3
708.00	112	35.0	1.00	76.8	38.4
710.00	120	35.0	1.00	77.0	38.5
712.00	131	35.0	1.00	77.2	38.6
714.00	117	35.0	1.00	77.4	38.7
716.00	107	35.0	1.00	77.6	38.8
718.00	106	35.0	1.00	77.8	38.9
720.00	119	35.0	1.00	78.0	39.0
722.00	104	35.0	1.00	78.2	39.1
724.00	111	35.0	1.00	78.4	39.2
726.00	122	35.0	1.00	78.6	39.3
728.00	115	35.0	1.00	78.8	39.4
730.00	99	35.0	1.00	79.0	39.5
732.00	105	35.0	1.00	79.2	39.6
734.00	112	35.0	1.00	79.4	39.7
736.00	95	35.0	1.00	79.6	39.8
738.00	116	35.0	1.00	79.8	39.9
740.00	110	35.0	1.00	80.0	40.0
742.00	112	35.0	1.00	80.2	40.1
744.00	114	35.0	1.00	80.4	40.2
746.00	108	35.0	1.00	80.6	40.3
748.00	110	35.0	1.00	80.8	40.4
750.00	98	35.0	1.00	81.0	40.5
752.00	110	35.0	1.00	81.2	40.6
754.00	101	35.0	1.00	81.4	40.7
756.00	95	35.0	1.00	81.6	40.8
758.00	120	35.0	1.00	81.8	40.9
760.00	111	35.0	1.00	82.0	41.0
762.00	101	35.0	1.00	82.2	41.1
764.00	92	35.0	1.00	82.4	41.2
766.00	99	35.0	1.00	82.6	41.3
768.00	103	35.0	1.00	82.8	41.4
770.00	101	35.0	1.00	83.0	41.5
772.00	94	35.0	1.00	83.2	41.6
774.00	101	35.0	1.00	83.4	41.7
776.00	110	35.0	1.00	83.6	41.8
778.00	109	35.0	1.00	83.8	41.9
780.00	94	35.0	1.00	84.0	42.0
782.00	103	35.0	1.00	84.2	42.1
784.00	104	35.0	1.00	84.4	42.2
786.00	100	35.0	1.00	84.6	42.3
788.00	106	35.0	1.00	84.8	42.4
790.00	106	35.0	1.00	85.0	42.5
792.00	106	35.0	1.00	85.2	42.6
794.00	104	35.0	1.00	85.4	42.7
796.00	97	35.0	1.00	85.6	42.8
798.00	107	35.0	1.00	85.8	42.9
800.00	95	35.0	1.00	86.0	43.0
802.00	109	35.0	1.00	86.2	43.1
804.00	100	35.0	1.00	86.4	43.2
806.00	108	35.0	1.00	86.6	43.3
