# Press Shift+Enter to add data
# Press Ctrl+S to save

#T(°C)	Uh(mV)	Up(mV)

139.6	-8	365
139.1	-8	365
139.1	-8	365
139.2	-8	366
139.2	-8	366
139.2	-8	366
139.2	-8	366
139.2	-8	366
139.1	-8	366
139.1	-8	366
139.1	-8	366
139.1	-8	366
139.2	-8	366
139.2	-8	366
139.2	-8	366
139.2	-8	366
139.2	-8	366
139.2	-8	366
139.2	-8	366
139.2	-8	366
139.2	-8	366
139.2	-8	366
139.2	-8	367
139.2	-8	367
139.2	-8	367
139.2	-8	367
138.9	-8	367
138.9	-8	367
138.9	-8	367
138.9	-8	367
138.9	-8	367
139.3	-8	368
139.3	-8	368
139.3	-8	368
139.3	-8	368
139.3	-8	368
138.5	-8	369
138.5	-8	369
138.5	-8	369
138.5	-8	369
138.7	-8	369
138.7	-8	369
138.7	-8	369
138.7	-8	369
138.7	-8	369
139.0	-8	369
139.0	-8	369
139.0	-8	369
139.0	-8	369
139.0	-8	369
138.6	-8	370
138.6	-8	370
138.6	-8	370
138.6	-8	370
138.6	-8	371
138.6	-8	371
138.6	-8	371
138.6	-8	371
138.6	-8	371
138.5	-8	371
138.5	-8	371
138.5	-8	371
138.5	-8	371
138.2	-8	372
138.2	-8	372
138.2	-8	372
138.2	-8	372
138.2	-8	372
138.0	-8	373
138.0	-8	373
138.0	-8	373
138.0	-8	373
138.0	-8	373
137.9	-8	374
137.9	-8	374
137.9	-8	374
137.9	-8	374
138.0	-8	375
138.0	-8	375
138.0	-8	375
138.0	-8	375
138.0	-8	375
137.6	-8	375
137.6	-8	375
137.6	-8	375
137.6	-8	375
137.8	-8	376
137.8	-8	376
137.8	-8	376
137.8	-8	376
137.8	-8	376
137.7	-8	376
137.7	-8	376
137.7	-8	376
137.7	-8	376
137.7	-8	376
137.5	-8	378
137.5	-8	378
137.5	-8	378
137.5	-8	378
137.5	-8	379
137.5	-8	379
137.5	-8	379
137.5	-8	379
137.5	-8	379
137.6	-8	379
137.6	-8	379
137.6	-8	379
137.6	-8	379
137.6	-8	379
136.9	-8	381
136.9	-8	381
136.9	-8	381
136.9	-8	381
136.6	-8	382
136.6	-8	382
136.6	-8	382
136.6	-8	382
136.8	-8	382
136.8	-8	382
136.8	-8	382
136.8	-8	382
136.8	-8	382
136.8	-8	384
136.8	-8	384
136.8	-8	384
136.8	-8	384
136.8	-8	384
136.7	-8	384
136.7	-8	384
136.7	-8	384
136.7	-8	384
136.7	-8	384
136.3	-8	386
136.3	-8	386
136.3	-8	386
136.3	-8	386
136.0	-8	386
136.0	-8	386
136.0	-8	386
136.0	-8	386
136.0	-8	386
136.0	-8	387
136.0	-8	387
136.0	-8	387
136.0	-8	387
136.3	-8	388
136.3	-8	388
136.3	-8	388
136.3	-8	388
136.3	-8	388
136.0	-8	389
136.0	-8	389
136.0	-8	389
136.0	-8	389
136.0	-8	389
135.6	-8	390
135.6	-8	390
135.6	-8	390
135.6	-8	390
135.9	-8	391
135.9	-8	391
135.9	-8	391
135.9	-8	391
135.4	-8	393
135.4	-8	393
135.4	-8	393
135.4	-8	393
135.4	-8	393
135.3	-8	394
135.3	-8	394
135.3	-8	394
135.3	-8	394
135.3	-8	394
135.2	-8	396
135.2	-8	396
135.2	-8	396
135.2	-8	396
135.2	-8	396
135.4	-8	396
135.4	-8	396
135.4	-8	396
135.4	-8	396
135.2	-8	398
135.2	-8	398
135.2	-8	398
135.2	-8	398
135.2	-8	398
135.1	-8	399
135.1	-8	399
135.1	-8	399
135.1	-8	399
135.1	-8	399
135.1	-8	400
135.1	-8	400
135.1	-8	400
135.1	-8	400
135.1	-8	400
134.9	-8	401
134.9	-8	401
134.9	-8	401
134.9	-8	401
133.9	-8	403
133.9	-8	403
133.9	-8	403
133.9	-8	403
133.9	-8	403
134.5	-8	403
134.5	-8	403
134.5	-8	403
134.5	-8	403
134.0	-9	405
134.0	-9	405
134.0	-9	405
134.0	-9	405
134.0	-9	405
134.3	-9	407
134.3	-9	407
134.3	-9	407
134.3	-9	407
134.3	-9	407
133.8	-9	408
133.8	-9	408
133.8	-9	408
133.8	-9	408
133.7	-9	408
133.7	-9	408
133.7	-9	408
133.7	-9	408
133.7	-9	408
133.1	-9	410
133.1	-9	410
133.1	-9	410
133.1	-9	410
133.9	-9	411
133.9	-9	411
133.9	-9	411
133.9	-9	411
133.1	-9	412
133.1	-9	412
133.1	-9	412
133.1	-9	412
133.1	-9	412
133.2	-9	414
133.2	-9	414
133.2	-9	414
133.2	-9	414
133.2	-9	414
132.1	-9	415
132.1	-9	415
132.1	-9	415
132.1	-9	415
132.1	-9	415
132.7	-9	416
132.7	-9	416
132.7	-9	416
132.7	-9	416
132.8	-9	419
132.8	-9	419
132.8	-9	419
132.8	-9	419
132.8	-9	419
132.2	-9	420
132.2	-9	420
132.2	-9	420
132.2	-9	420
131.8	-9	422
131.8	-9	422
131.8	-9	422
131.8	-9	422
131.8	-9	422
132.1	-9	422
132.1	-9	422
132.1	-9	422
132.1	-9	422
132.1	-9	422
132.0	-9	425
132.0	-9	425
132.0	-9	425
132.0	-9	425
131.0	-9	426
131.0	-9	426
131.0	-9	426
131.0	-9	426
131.0	-9	426
130.8	-9	427
130.8	-9	427
130.8	-9	427
130.8	-9	427
131.7	-9	428
131.7	-9	428
131.7	-9	428
131.7	-9	428
131.7	-9	428
131.1	-9	430
131.1	-9	430
131.1	-9	430
131.1	-9	430
131.1	-9	430
130.9	-9	432
130.9	-9	432
130.9	-9	432
130.9	-9	432
132.5	-9	433
132.5	-9	433
132.5	-9	433
132.5	-9	433
132.5	-9	433
130.5	-9	434
130.5	-9	434
130.5	-9	434
130.5	-9	434
130.5	-9	434
130.9	-9	436
130.9	-9	436
130.9	-9	436
130.9	-9	436
130.5	-9	438
130.5	-9	438
130.5	-9	438
130.5	-9	438
130.5	-9	438
131.3	-9	438
131.3	-9	438
131.3	-9	438
131.3	-9	438
131.3	-9	438
130.4	-9	441
130.4	-9	441
130.4	-9	441
130.4	-9	441
130.4	-9	441
130.4	-9	441
130.4	-9	441
130.4	-9	441
130.4	-9	441
130.5	-9	443
130.5	-9	443
130.5	-9	443
130.5	-9	443
130.8	-10	445
130.8	-10	445
130.8	-10	445
130.8	-10	445
128.8	-10	447
128.8	-10	447
128.8	-10	447
128.8	-10	447
128.8	-10	447
130.1	-10	448
130.1	-10	448
130.1	-10	448
130.1	-10	448
130.3	-10	450
130.3	-10	450
130.3	-10	450
130.3	-10	450
130.3	-10	450
129.0	-10	452
129.0	-10	452
129.0	-10	452
129.0	-10	452
129.8	-10	453
129.8	-10	453
129.8	-10	453
129.8	-10	453
129.8	-10	453
129.0	-10	455
129.0	-10	455
129.0	-10	455
129.0	-10	455
129.0	-10	455
129.3	-10	457
129.3	-10	457
129.3	-10	457
129.3	-10	457
128.9	-10	458
128.9	-10	458
128.9	-10	458
128.9	-10	458
129.1	-10	459
129.1	-10	459
129.1	-10	459
129.1	-10	459
129.1	-10	459
127.8	-10	461
127.8	-10	461
127.8	-10	461
127.8	-10	461
128.7	-10	462
128.7	-10	462
128.7	-10	462
128.7	-10	462
128.7	-10	462
128.2	-10	464
128.2	-10	464
128.2	-10	464
128.2	-10	464
128.1	-10	466
128.1	-10	466
128.1	-10	466
128.1	-10	466
128.1	-10	466
128.4	-10	467
128.4	-10	467
128.4	-10	467
128.4	-10	467
128.4	-10	467
128.3	-10	469
128.3	-10	469
128.3	-10	469
128.3	-10	469
127.1	-10	471
127.1	-10	471
127.1	-10	471
127.1	-10	471
126.5	-10	473
126.5	-10	473
126.5	-10	473
126.5	-10	473
126.5	-10	473
128.1	-10	474
128.1	-10	474
128.1	-10	474
128.1	-10	474
127.4	-10	476
127.4	-10	476
127.4	-10	476
127.4	-10	476
127.4	-10	476
127.0	-10	478
127.0	-10	478
127.0	-10	478
127.0	-10	478
127.0	-10	478
127.0	-10	479
127.0	-10	479
127.0	-10	479
127.0	-10	479
126.2	-10	481
126.2	-10	481
126.2	-10	481
126.2	-10	481
126.2	-10	481
126.0	-10	483
126.0	-10	483
126.0	-10	483
126.0	-10	483
126.0	-10	483
125.7	-10	484
125.7	-10	484
125.7	-10	484
125.7	-10	484
126.2	-11	487
126.2	-11	487
126.2	-11	487
126.2	-11	487
125.8	-11	489
125.8	-11	489
125.8	-11	489
125.8	-11	489
125.8	-11	489
126.8	-11	490
126.8	-11	490
126.8	-11	490
126.8	-11	490
126.8	-11	490
126.1	-11	492
126.1	-11	492
126.1	-11	492
126.1	-11	492
125.7	-11	494
125.7	-11	494
125.7	-11	494
125.7	-11	494
125.0	-11	496
125.0	-11	496
125.0	-11	496
125.0	-11	496
125.0	-11	496
124.4	-11	498
124.4	-11	498
124.4	-11	498
124.4	-11	498
124.4	-11	498
124.5	-11	499
124.5	-11	499
124.5	-11	499
124.5	-11	499
124.5	-11	499
125.6	-11	501
125.6	-11	501
125.6	-11	501
125.6	-11	501
124.1	-11	504
124.1	-11	504
124.1	-11	504
124.1	-11	504
124.1	-11	504
124.5	-11	504
124.5	-11	504
124.5	-11	504
124.5	-11	504
124.5	-11	504
124.2	-11	506
124.2	-11	506
124.2	-11	506
124.2	-11	506
123.8	-11	508
123.8	-11	508
123.8	-11	508
123.8	-11	508
123.8	-11	508
124.3	-11	510
124.3	-11	510
124.3	-11	510
124.3	-11	510
124.6	-11	512
124.6	-11	512
124.6	-11	512
124.6	-11	512
124.6	-11	512
124.2	-11	514
124.2	-11	514
124.2	-11	514
124.2	-11	514
124.2	-11	514
123.3	-11	516
123.3	-11	516
123.3	-11	516
123.3	-11	516
123.2	-11	518
123.2	-11	518
123.2	-11	518
123.2	-11	518
123.2	-11	518
123.3	-11	520
123.3	-11	520
123.3	-11	520
123.3	-11	520
123.3	-11	520
123.0	-11	522
123.0	-11	522
123.0	-11	522
123.0	-11	522
123.0	-11	522
123.1	-12	524
123.1	-12	524
123.1	-12	524
123.1	-12	524
123.2	-12	526
123.2	-12	526
123.2	-12	526
123.2	-12	526
123.2	-12	526
122.7	-12	528
122.7	-12	528
122.7	-12	528
122.7	-12	528
122.7	-12	528
122.5	-12	530
122.5	-12	530
122.5	-12	530
122.5	-12	530
122.5	-12	530
122.4	-12	532
122.4	-12	532
122.4	-12	532
122.4	-12	532
122.4	-12	533
122.4	-12	533
122.4	-12	533
122.4	-12	533
122.4	-12	533
121.7	-12	536
121.7	-12	536
121.7	-12	536
121.7	-12	536
121.4	-12	539
121.4	-12	539
121.4	-12	539
121.4	-12	539
121.4	-12	539
121.1	-12	540
121.1	-12	540
121.1	-12	540
121.1	-12	540
121.1	-12	540
121.3	-12	542
121.3	-12	542
121.3	-12	542
121.3	-12	542
121.4	-12	544
121.4	-12	544
121.4	-12	544
121.4	-12	544
121.5	-12	546
121.5	-12	546
121.5	-12	546
121.5	-12	546
121.5	-12	546
121.4	-12	548
121.4	-12	548
121.4	-12	548
121.4	-12	548
121.4	-12	548
120.9	-12	550
120.9	-12	550
120.9	-12	550
120.9	-12	550
120.5	-12	552
120.5	-12	552
120.5	-12	552
120.5	-12	552
120.5	-12	552
120.6	-12	554
120.6	-12	554
120.6	-12	554
120.6	-12	554
120.6	-12	554
120.3	-12	556
120.3	-12	556
120.3	-12	556
120.3	-12	556
119.8	-12	558
119.8	-12	558
119.8	-12	558
119.8	-12	558
120.4	-12	560
120.4	-12	560
120.4	-12	560
120.4	-12	560
120.4	-12	560
120.4	-12	560
120.0	-12	561
120.0	-12	561
120.0	-12	561
120.0	-12	561
120.0	-13	564
120.0	-13	564
120.0	-13	564
120.0	-13	564
120.0	-13	564
119.8	-13	567
119.8	-13	567
119.8	-13	567
119.8	-13	567
119.8	-13	567
119.4	-13	568
119.4	-13	568
119.4	-13	568
119.4	-13	568
119.3	-13	570
119.3	-13	570
119.3	-13	570
119.3	-13	570
119.3	-13	570
119.6	-13	572
119.6	-13	572
119.6	-13	572
119.6	-13	572
119.6	-13	572
119.1	-13	574
119.1	-13	574
119.1	-13	574
119.1	-13	574
118.9	-13	577
118.9	-13	577
118.9	-13	577
118.9	-13	577
118.9	-13	578
118.9	-13	578
118.9	-13	578
118.9	-13	578
118.9	-13	578
118.9	-13	581
118.9	-13	581
118.9	-13	581
118.9	-13	581
118.4	-13	583
118.4	-13	583
118.4	-13	583
118.4	-13	583
118.4	-13	583
118.1	-13	585
118.1	-13	585
118.1	-13	585
118.1	-13	585
118.2	-13	587
118.2	-13	587
118.2	-13	587
118.2	-13	587
118.2	-13	587
118.0	-13	589
118.0	-13	589
118.0	-13	589
118.0	-13	589
118.0	-13	589
117.6	-13	591
117.6	-13	591
117.6	-13	591
117.6	-13	591
117.7	-13	593
117.7	-13	593
117.7	-13	593
117.7	-13	593
117.7	-13	593
117.3	-13	595
117.3	-13	595
117.3	-13	595
117.3	-13	595
117.3	-13	595
117.2	-13	597
117.2	-13	597
117.2	-13	597
117.2	-13	597
117.1	-13	599
117.1	-13	599
117.1	-13	599
117.1	-13	599
117.1	-13	599
116.9	-14	602
116.9	-14	602
116.9	-14	602
116.9	-14	602
116.7	-14	604
116.7	-14	604
116.7	-14	604
116.7	-14	604
116.7	-14	604
116.7	-14	606
116.7	-14	606
116.7	-14	606
116.7	-14	606
116.5	-14	608
116.5	-14	608
116.5	-14	608
116.5	-14	608
116.5	-14	608
116.3	-14	610
116.3	-14	610
116.3	-14	610
116.3	-14	610
116.3	-14	610
116.1	-14	613
116.1	-14	613
116.1	-14	613
116.1	-14	613
116.6	-14	615
116.6	-14	615
116.6	-14	615
116.6	-14	615
116.6	-14	615
116.3	-14	616
116.3	-14	616
116.3	-14	616
116.3	-14	616
116.3	-14	616
116.1	-14	619
116.1	-14	619
116.1	-14	619
116.1	-14	619
116.0	-14	621
116.0	-14	621
116.0	-14	621
116.0	-14	621
116.0	-14	621
115.6	-14	623
115.6	-14	623
115.6	-14	623
115.6	-14	623
115.6	-14	625
115.6	-14	625
115.6	-14	625
115.6	-14	625
115.6	-14	625
115.3	-14	627
115.3	-14	627
115.3	-14	627
115.3	-14	627
115.3	-14	627
115.4	-14	630
115.4	-14	630
115.4	-14	630
115.4	-14	630
115.1	-14	632
115.1	-14	632
115.1	-14	632
115.1	-14	632
115.1	-14	632
115.0	-14	633
115.0	-14	633
115.0	-14	633
115.0	-14	633
114.8	-15	636
114.8	-15	636
114.8	-15	636
114.8	-15	636
114.8	-15	636
114.3	-15	639
114.3	-15	639
114.3	-15	639
114.3	-15	639
114.8	-15	641
114.8	-15	641
114.8	-15	641
114.8	-15	641
114.8	-15	641
114.2	-15	643
114.2	-15	643
114.2	-15	643
114.2	-15	643
114.2	-15	643
114.5	-15	645
114.5	-15	645
114.5	-15	645
114.5	-15	645
114.5	-15	645
114.3	-15	648
114.3	-15	648
114.3	-15	648
114.3	-15	648
114.4	-15	650
114.4	-15	650
114.4	-15	650
114.4	-15	650
114.4	-15	650
114.0	-15	652
114.0	-15	652
114.0	-15	652
114.0	-15	652
113.7	-15	654
113.7	-15	654
113.7	-15	654
113.7	-15	654
113.7	-15	654
113.5	-15	657
113.5	-15	657
113.5	-15	657
113.5	-15	657
113.5	-15	657
113.0	-15	659
113.0	-15	659
113.0	-15	659
113.0	-15	659
112.8	-15	661
112.8	-15	661
112.8	-15	661
112.8	-15	661
112.8	-15	661
113.3	-15	663
113.3	-15	663
113.3	-15	663
113.3	-15	663
112.8	-15	665
112.8	-15	665
112.8	-15	665
112.8	-15	665
112.8	-15	665
113.1	-15	668
113.1	-15	668
113.1	-15	668
113.1	-15	668
113.1	-15	668
112.1	-16	670
112.1	-16	670
112.1	-16	670
112.1	-16	670
112.3	-16	672
112.3	-16	672
112.3	-16	672
112.3	-16	672
112.3	-16	672
112.2	-16	675
112.2	-16	675
112.2	-16	675
112.2	-16	675
112.2	-16	677
112.2	-16	677
112.2	-16	677
112.2	-16	677
112.2	-16	677
111.9	-16	679
111.9	-16	679
111.9	-16	679
111.9	-16	679
111.9	-16	679
111.9	-16	681
111.9	-16	681
111.9	-16	681
111.9	-16	681
111.9	-16	681
111.5	-16	684
111.5	-16	684
111.5	-16	684
111.5	-16	684
111.8	-16	686
111.8	-16	686
111.8	-16	686
111.8	-16	686
111.8	-16	686
111.4	-16	689
111.4	-16	689
111.4	-16	689
111.4	-16	689
111.4	-16	689
111.3	-16	691
111.3	-16	691
111.3	-16	691
111.3	-16	691
111.2	-16	693
111.2	-16	693
111.2	-16	693
111.2	-16	693
110.5	-16	696
110.5	-16	696
110.5	-16	696
110.5	-16	696
110.5	-16	696
110.6	-16	698
110.6	-16	698
110.6	-16	698
110.6	-16	698
110.6	-16	698
110.4	-16	700
110.4	-16	700
110.4	-16	700
110.4	-16	700
110.7	-16	702
110.7	-16	702
110.7	-16	702
110.7	-16	702
110.5	-17	704
110.5	-17	704
110.5	-17	704
110.5	-17	704
110.5	-17	704
110.6	-17	707
110.6	-17	707
110.6	-17	707
110.6	-17	707
110.6	-17	707
110.3	-17	709
110.3	-17	709
110.3	-17	709
110.3	-17	709
110.3	-17	709
110.0	-17	711
110.0	-17	711
110.0	-17	711
110.0	-17	711
110.1	-17	713
110.1	-17	713
110.1	-17	713
110.1	-17	713
110.1	-17	713
109.6	-17	716
109.6	-17	716
109.6	-17	716
109.6	-17	716
109.5	-17	718
109.5	-17	718
109.5	-17	718
109.5	-17	718
109.5	-17	718
109.3	-17	720
109.3	-17	720
109.3	-17	720
109.3	-17	720
109.3	-17	720
109.2	-17	723
109.2	-17	723
109.2	-17	723
109.2	-17	723
108.9	-17	725
108.9	-17	725
108.9	-17	725
108.9	-17	725
109.2	-17	727
109.2	-17	727
109.2	-17	727
109.2	-17	727
109.2	-17	727
108.7	-17	730
108.7	-17	730
108.7	-17	730
108.7	-17	730
108.7	-17	730
108.8	-17	732
108.8	-17	732
108.8	-17	732
108.8	-17	732
108.8	-17	732
108.8	-17	735
108.8	-17	735
108.8	-17	735
108.8	-17	735
108.4	-18	737
108.4	-18	737
108.4	-18	737
108.4	-18	737
108.4	-18	737
108.5	-18	740
108.5	-18	740
108.5	-18	740
108.5	-18	740
108.5	-18	740
108.3	-18	742
108.3	-18	742
108.3	-18	742
108.3	-18	742
107.9	-18	744
107.9	-18	744
107.9	-18	744
107.9	-18	744
108.2	-18	746
108.2	-18	746
108.2	-18	746
108.2	-18	746
108.2	-18	746
108.4	-18	748
108.4	-18	748
108.4	-18	748
108.4	-18	748
108.4	-18	748
107.2	-18	751
107.2	-18	751
107.2	-18	751
107.2	-18	751
107.2	-18	751
107.4	-18	754
106.3	-19	778
105.7	-19	785
105.7	-19	785
105.7	-19	785
105.7	-19	785
105.9	-19	790
105.9	-19	790
105.9	-19	790
105.9	-19	790
105.9	-19	790
105.5	-19	792
105.5	-19	792
105.5	-19	792
105.5	-19	792
105.4	-19	794
105.4	-19	794
105.4	-19	794
105.4	-19	794
105.7	-19	797
105.7	-19	797
105.7	-19	797
105.7	-19	797
105.7	-19	797
105.1	-19	799
105.1	-19	799
105.1	-19	799
105.1	-19	799
105.0	-20	801
105.0	-20	801
105.0	-20	801
105.0	-20	801
105.0	-20	801
104.8	-20	804
104.8	-20	804
104.8	-20	804
104.8	-20	804
104.8	-20	804
104.9	-20	805
104.9	-20	805
104.9	-20	805
104.9	-20	805
104.3	-20	809
104.3	-20	809
104.3	-20	809
104.3	-20	809
104.3	-20	809
104.2	-20	811
104.2	-20	811
104.2	-20	811
104.2	-20	811
104.2	-20	811
104.5	-20	814
104.5	-20	814
104.5	-20	814
104.5	-20	814
104.1	-20	816
104.1	-20	816
104.1	-20	816
104.1	-20	816
103.9	-20	818
103.9	-20	818
103.9	-20	818
103.9	-20	818
103.9	-20	818
103.8	-20	821
103.8	-20	821
103.8	-20	821
103.8	-20	821
103.8	-20	821
103.8	-20	824
103.8	-20	824
103.8	-20	824
103.8	-20	824
103.4	-20	827
103.4	-20	827
103.4	-20	827
103.4	-20	827
103.4	-20	827
103.6	-20	828
103.6	-20	828
103.6	-20	828
103.6	-20	828
103.7	-21	831
103.7	-21	831
103.7	-21	831
103.7	-21	831
103.7	-21	831
103.2	-21	833
103.2	-21	833
103.2	-21	833
103.2	-21	833
103.2	-21	833
103.1	-21	835
103.1	-21	835
103.1	-21	835
103.1	-21	835
102.9	-21	839
102.9	-21	839
102.9	-21	839
102.9	-21	839
102.7	-21	839
102.7	-21	839
102.7	-21	839
102.7	-21	839
102.7	-21	839
102.8	-21	842
102.8	-21	842
102.8	-21	842
102.8	-21	842
102.8	-21	842
102.6	-21	845
102.6	-21	845
102.6	-21	845
102.6	-21	845
102.4	-21	847
102.4	-21	847
102.4	-21	847
102.4	-21	847
102.4	-21	847
102.3	-21	849
102.3	-21	849
102.3	-21	849
102.3	-21	849
102.3	-21	849
102.0	-21	853
102.0	-21	853
102.0	-21	853
102.0	-21	853
102.0	-21	855
102.0	-21	855
102.0	-21	855
102.0	-21	855
102.0	-21	855
102.0	-21	857
102.0	-21	857
102.0	-21	857
102.0	-21	857
102.0	-21	860
102.0	-21	860
102.0	-21	860
102.0	-21	860
102.0	-21	860
101.6	-22	863
101.6	-22	863
101.6	-22	863
101.6	-22	863
101.6	-22	863
101.8	-22	864
101.8	-22	864
101.8	-22	864
101.8	-22	864
101.6	-22	867
101.6	-22	867
101.6	-22	867
101.6	-22	867
101.6	-22	867
101.3	-22	870
101.3	-22	870
101.3	-22	870
101.3	-22	870
101.3	-22	870
101.1	-22	871
101.1	-22	871
101.1	-22	871
101.1	-22	871
101.1	-22	874
101.1	-22	874
101.1	-22	874
101.1	-22	874
101.1	-22	874
100.8	-22	877
100.8	-22	877
100.8	-22	877
100.8	-22	877
100.8	-22	877
100.9	-22	879
100.9	-22	879
100.9	-22	879
100.9	-22	879
100.7	-22	882
100.7	-22	882
100.7	-22	882
100.7	-22	882
100.7	-22	882
100.4	-22	884
100.4	-22	884
100.4	-22	884
100.4	-22	884
100.2	-22	887
100.2	-22	887
100.2	-22	887
100.2	-22	887
100.2	-22	887
100.4	-22	889
100.4	-22	889
100.4	-22	889
100.4	-22	889
100.4	-22	889
100.1	-23	892
100.1	-23	892
100.1	-23	892
100.1	-23	892
100.1	-23	892
100.1	-23	893
100.1	-23	893
100.1	-23	893
100.1	-23	893
99.6	-23	896
99.6	-23	896
99.6	-23	896
99.6	-23	896
99.6	-23	896
99.6	-23	898
99.6	-23	898
99.6	-23	898
99.6	-23	898
99.6	-23	898
99.9	-23	901
99.9	-23	901
99.9	-23	901
99.9	-23	901
99.9	-23	901
99.6	-23	904
99.6	-23	904
99.6	-23	904
99.6	-23	904
99.4	-23	906
99.4	-23	906
99.4	-23	906
99.4	-23	906
99.4	-23	906
99.6	-23	909
99.6	-23	909
99.6	-23	909
99.6	-23	909
99.6	-23	909
99.0	-23	911
99.0	-23	911
99.0	-23	911
99.0	-23	911
99.2	-23	913
99.2	-23	913
99.2	-23	913
99.2	-23	913
99.2	-23	913
98.8	-24	916
98.8	-24	916
98.8	-24	916
98.8	-24	916
98.8	-24	916
98.7	-24	918
98.7	-24	918
98.7	-24	918
98.7	-24	918
98.7	-24	918
98.6	-24	921
98.6	-24	921
98.6	-24	921
98.6	-24	921
98.5	-24	923
98.5	-24	923
98.5	-24	923
98.5	-24	923
98.5	-24	923
98.5	-24	925
98.5	-24	925
98.5	-24	925
98.5	-24	925
98.3	-24	928
98.3	-24	928
98.3	-24	928
98.3	-24	928
98.3	-24	928
98.2	-24	930
98.2	-24	930
98.2	-24	930
98.2	-24	930
98.2	-24	930
98.2	-24	933
98.2	-24	933
98.2	-24	933
98.2	-24	933
97.8	-24	936
97.8	-24	936
97.8	-24	936
97.8	-24	936
97.8	-24	936
97.7	-24	937
97.7	-24	937
97.7	-24	937
97.7	-24	937
97.7	-24	937
97.4	-24	941
97.4	-24	941
97.4	-24	941
97.4	-24	941
97.6	-24	943
97.6	-24	943
97.6	-24	943
97.6	-24	943
97.6	-24	943
97.6	-25	946
97.6	-25	946
97.6	-25	946
97.6	-25	946
97.6	-25	946
97.5	-25	947
97.5	-25	947
97.5	-25	947
97.5	-25	947
97.5	-25	947
97.5	-25	950
97.5	-25	950
97.5	-25	950
97.5	-25	950
97.2	-25	952
97.2	-25	952
97.2	-25	952
97.2	-25	952
96.9	-25	953
96.9	-25	953
96.9	-25	953
96.9	-25	953
96.9	-25	953
96.8	-25	956
96.8	-25	956
96.8	-25	956
96.8	-25	956
96.8	-25	956
96.9	-25	958
96.9	-25	958
96.9	-25	958
96.9	-25	958
96.6	-25	961
96.6	-25	961
96.6	-25	961
96.6	-25	961
96.6	-25	961
96.5	-25	964
96.5	-25	964
96.5	-25	964
96.5	-25	964
96.5	-25	964
96.4	-25	965
96.4	-25	965
96.4	-25	965
96.4	-25	965
96.4	-25	965
96.4	-25	968
96.4	-25	968
96.4	-25	968
96.4	-25	968
96.0	-25	970
96.0	-25	970
96.0	-25	970
96.0	-25	970
96.3	-26	973
96.3	-26	973
96.3	-26	973
96.3	-26	973
96.3	-26	973
96.0	-26	975
96.0	-26	975
96.0	-26	975
96.0	-26	975
95.7	-26	976
95.7	-26	976
95.7	-26	976
95.7	-26	976
95.7	-26	976
95.7	-26	980
95.7	-26	980
95.7	-26	980
95.7	-26	980
95.6	-26	981
95.6	-26	981
95.6	-26	981
95.6	-26	981
95.6	-26	981
95.6	-26	984
95.6	-26	984
95.6	-26	984
95.6	-26	984
95.6	-26	984
95.2	-26	986
95.2	-26	986
95.2	-26	986
95.2	-26	986
95.2	-26	989
95.2	-26	989
95.2	-26	989
95.2	-26	989
95.1	-26	990
95.1	-26	990
95.1	-26	990
95.1	-26	990
95.1	-26	990
95.2	-26	994
95.2	-26	994
95.2	-26	994
95.2	-26	994
95.0	-26	995
95.0	-26	995
95.0	-26	995
95.0	-26	995
95.0	-26	995
94.8	-26	998
94.8	-26	998
94.8	-26	998
94.8	-26	998
94.5	-27	999
94.5	-27	999
94.5	-27	999
94.5	-27	999
94.5	-27	999
94.3	-27	1001
94.3	-27	1001
94.3	-27	1001
94.3	-27	1001
94.3	-27	1001
94.6	-27	1004
94.6	-27	1004
94.6	-27	1004
94.6	-27	1004
94.6	-27	1004
94.3	-27	1006
94.3	-27	1006
94.3	-27	1006
94.3	-27	1006
94.0	-27	1008
94.0	-27	1008
94.0	-27	1008
94.0	-27	1008
94.0	-27	1008
94.3	-27	1011
94.3	-27	1011
94.3	-27	1011
94.3	-27	1011
93.9	-27	1014
93.9	-27	1014
93.9	-27	1014
93.9	-27	1014
93.9	-27	1014
93.8	-27	1015
93.8	-27	1015
93.8	-27	1015
93.8	-27	1015
93.8	-27	1017
93.8	-27	1017
93.8	-27	1017
93.8	-27	1017
93.8	-27	1017
93.6	-27	1019
93.6	-27	1019
93.6	-27	1019
93.6	-27	1019
93.6	-27	1019
93.4	-27	1022
93.4	-27	1022
93.4	-27	1022
93.4	-27	1022
93.4	-27	1022
93.4	-28	1025
93.4	-28	1025
93.4	-28	1025
93.4	-28	1025
93.2	-28	1026
93.2	-28	1026
93.2	-28	1026
93.2	-28	1026
93.2	-28	1026
93.3	-28	1028
93.3	-28	1028
93.3	-28	1028
93.3	-28	1028
93.0	-28	1031
93.0	-28	1031
93.0	-28	1031
93.0	-28	1031
93.0	-28	1031
93.1	-28	1034
93.1	-28	1034
93.1	-28	1034
93.1	-28	1034
93.1	-28	1034
92.8	-28	1035
92.8	-28	1035
92.8	-28	1035
92.8	-28	1035
92.4	-28	1037
92.4	-28	1037
92.4	-28	1037
92.4	-28	1037
92.4	-28	1037
92.7	-28	1040
92.7	-28	1040
92.7	-28	1040
92.7	-28	1040
92.7	-28	1040
92.5	-28	1041
92.5	-28	1041
92.5	-28	1041
92.5	-28	1041
92.7	-28	1044
92.7	-28	1044
92.7	-28	1044
92.7	-28	1044
92.7	-28	1044
92.3	-28	1046
92.3	-28	1046
92.3	-28	1046
92.3	-28	1046
92.2	-28	1049
92.2	-28	1049
92.2	-28	1049
92.2	-28	1049
92.2	-28	1049
92.1	-29	1051
92.1	-29	1051
92.1	-29	1051
92.1	-29	1051
91.9	-29	1052
91.9	-29	1052
91.9	-29	1052
91.9	-29	1052
91.9	-29	1052
91.9	-29	1055
91.9	-29	1055
91.9	-29	1055
91.9	-29	1055
91.9	-29	1055
92.0	-29	1057
92.0	-29	1057
92.0	-29	1057
92.0	-29	1057
91.8	-29	1059
91.8	-29	1059
91.8	-29	1059
91.8	-29	1059
91.8	-29	1059
91.6	-29	1062
91.6	-29	1062
91.6	-29	1062
91.6	-29	1062
91.6	-29	1062
91.7	-29	1063
91.7	-29	1063
91.7	-29	1063
91.7	-29	1063
91.7	-29	1063
91.4	-29	1066
91.4	-29	1066
91.4	-29	1066
91.4	-29	1066
91.2	-29	1067
91.2	-29	1067
91.2	-29	1067
91.2	-29	1067
91.0	-29	1070
91.0	-29	1070
91.0	-29	1070
91.0	-29	1070
91.0	-29	1070
90.9	-29	1071
90.9	-29	1071
90.9	-29	1071
90.9	-29	1071
91.1	-30	1073
91.1	-30	1073
91.1	-30	1073
91.1	-30	1073
91.1	-30	1073
90.8	-30	1076
90.8	-30	1076
90.8	-30	1076
90.8	-30	1076
90.8	-30	1076
90.8	-30	1077
90.8	-30	1077
90.8	-30	1077
90.8	-30	1077
90.6	-30	1081
90.6	-30	1081
90.6	-30	1081
90.6	-30	1081
90.7	-30	1081
90.7	-30	1081
90.7	-30	1081
90.7	-30	1081
90.7	-30	1081
90.4	-30	1083
90.4	-30	1083
90.4	-30	1083
90.4	-30	1083
90.2	-30	1085
90.2	-30	1085
90.2	-30	1085
90.2	-30	1085
90.2	-30	1085
90.3	-30	1088
90.3	-30	1088
90.3	-30	1088
90.3	-30	1088
90.3	-30	1088
90.0	-30	1090
90.0	-30	1090
90.0	-30	1090
90.0	-30	1090
90.1	-30	1092
90.1	-30	1092
90.1	-30	1092
90.1	-30	1092
90.1	-30	1092
89.5	-30	1093
89.5	-30	1093
89.5	-30	1093
89.5	-30	1093
89.7	-30	1096
89.7	-30	1096
89.7	-30	1096
89.7	-30	1096
89.7	-30	1096
89.4	-31	1098
89.4	-31	1098
89.4	-31	1098
89.4	-31	1098
89.8	-31	1100
89.8	-31	1100
89.8	-31	1100
89.8	-31	1100
89.8	-31	1100
89.3	-31	1102
89.3	-31	1102
89.3	-31	1102
89.3	-31	1102
89.3	-31	1102
89.2	-31	1105
89.2	-31	1105
89.2	-31	1105
89.2	-31	1105
89.2	-31	1106
89.2	-31	1106
89.2	-31	1106
89.2	-31	1106
89.2	-31	1106
88.9	-31	1108
88.9	-31	1108
88.9	-31	1108
88.9	-31	1108
89.3	-31	1111
89.3	-31	1111
89.3	-31	1111
89.3	-31	1111
89.0	-31	1112
89.0	-31	1112
89.0	-31	1112
89.0	-31	1112
89.0	-31	1112
88.7	-31	1114
88.7	-31	1114
88.7	-31	1114
88.7	-31	1114
88.6	-31	1116
88.6	-31	1116
88.6	-31	1116
88.6	-31	1116
88.6	-31	1116
88.8	-31	1117
88.8	-31	1117
88.8	-31	1117
88.8	-31	1117
88.8	-31	1117
88.5	-32	1120
88.5	-32	1120
88.5	-32	1120
88.5	-32	1120
88.2	-32	1122
88.2	-32	1122
88.2	-32	1122
88.2	-32	1122
88.2	-32	1122
88.3	-32	1124
88.3	-32	1124
88.3	-32	1124
88.3	-32	1124
88.3	-32	1124
88.5	-32	1126
88.5	-32	1126
88.5	-32	1126
88.5	-32	1126
87.9	-32	1127
87.9	-32	1127
87.9	-32	1127
87.9	-32	1127
87.9	-32	1127
88.0	-32	1130
88.0	-32	1130
88.0	-32	1130
88.0	-32	1130
88.0	-32	1131
88.0	-32	1131
88.0	-32	1131
88.0	-32	1131
88.0	-32	1133
88.0	-32	1133
88.0	-32	1133
88.0	-32	1133
88.0	-32	1133
87.7	-32	1135
87.7	-32	1135
87.7	-32	1135
87.7	-32	1135
87.7	-32	1135
87.5	-32	1136
87.5	-32	1136
87.5	-32	1136
87.5	-32	1136
87.5	-32	1136
87.8	-32	1139
87.8	-32	1139
87.8	-32	1139
87.8	-32	1139
87.3	-32	1141
87.3	-32	1141
87.3	-32	1141
87.3	-32	1141
87.3	-32	1141
87.5	-33	1142
87.5	-33	1142
87.5	-33	1142
87.5	-33	1142
87.3	-33	1144
87.3	-33	1144
87.3	-33	1144
87.3	-33	1144
87.3	-33	1144
87.2	-33	1146
87.2	-33	1146
87.2	-33	1146
87.2	-33	1146
87.2	-33	1146
87.1	-33	1148
87.1	-33	1148
87.1	-33	1148
87.1	-33	1148
87.1	-33	1151
87.1	-33	1151
87.1	-33	1151
87.1	-33	1151
87.1	-33	1151
86.7	-33	1153
86.7	-33	1153
86.7	-33	1153
86.7	-33	1153
86.7	-33	1153
86.9	-33	1154
86.9	-33	1154
86.9	-33	1154
86.9	-33	1154
86.9	-33	1154
86.5	-33	1156
86.5	-33	1156
86.5	-33	1156
86.5	-33	1156
86.8	-33	1158
86.8	-33	1158
86.8	-33	1158
86.8	-33	1158
86.8	-33	1158
86.7	-33	1159
86.7	-33	1159
86.7	-33	1159
86.7	-33	1159
86.7	-33	1159
86.4	-33	1162
86.4	-33	1162
86.4	-33	1162
86.4	-33	1162
86.3	-33	1163
86.3	-33	1163
86.3	-33	1163
86.3	-33	1163
86.1	-34	1165
86.1	-34	1165
86.1	-34	1165
86.1	-34	1165
86.1	-34	1165
85.8	-34	1167
85.8	-34	1167
85.8	-34	1167
85.8	-34	1167
85.9	-34	1169
85.9	-34	1169
85.9	-34	1169
85.9	-34	1169
85.9	-34	1169
85.9	-34	1170
85.9	-34	1170
85.9	-34	1170
85.9	-34	1170
85.9	-34	1170
85.7	-34	1173
85.7	-34	1173
85.7	-34	1173
85.7	-34	1173
85.7	-34	1173
85.4	-34	1174
85.4	-34	1174
85.4	-34	1174
85.4	-34	1174
85.6	-34	1177
85.6	-34	1177
85.6	-34	1177
85.6	-34	1177
85.6	-34	1177
85.6	-34	1177
85.6	-34	1177
85.6	-34	1177
85.6	-34	1177
85.6	-34	1177
85.4	-34	1180
85.4	-34	1180
85.4	-34	1180
85.4	-34	1180
85.3	-34	1182
85.3	-34	1182
85.3	-34	1182
85.3	-34	1182
85.3	-34	1182
85.2	-34	1184
85.2	-34	1184
85.2	-34	1184
85.2	-34	1184
85.0	-34	1186
85.0	-34	1186
85.0	-34	1186
85.0	-34	1186
84.7	-35	1187
84.7	-35	1187
84.7	-35	1187
84.7	-35	1187
84.7	-35	1187
84.9	-35	1189
84.9	-35	1189
84.9	-35	1189
84.9	-35	1189
84.7	-35	1190
84.7	-35	1190
84.7	-35	1190
84.7	-35	1190
84.7	-35	1190
84.8	-35	1192
84.8	-35	1192
84.8	-35	1192
84.8	-35	1192
84.8	-35	1192
84.4	-35	1194
84.4	-35	1194
84.4	-35	1194
84.4	-35	1194
84.5	-35	1194
84.5	-35	1194
84.5	-35	1194
84.5	-35	1194
84.5	-35	1194
84.6	-35	1198
84.6	-35	1198
84.6	-35	1198
84.6	-35	1198
84.6	-35	1198
84.4	-35	1199
84.4	-35	1199
84.4	-35	1199
84.4	-35	1199
84.5	-35	1201
84.5	-35	1201
84.5	-35	1201
84.5	-35	1201
84.5	-35	1201
84.2	-35	1202
84.2	-35	1202
84.2	-35	1202
84.2	-35	1202
84.1	-35	1203
84.1	-35	1203
84.1	-35	1203
84.1	-35	1203
84.1	-35	1203
84.1	-35	1206
84.1	-35	1206
84.1	-35	1206
84.1	-35	1206
84.2	-36	1207
84.2	-36	1207
84.2	-36	1207
84.2	-36	1207
84.2	-36	1207
83.8	-36	1210
83.8	-36	1210
83.8	-36	1210
83.8	-36	1210
83.8	-36	1210
83.8	-36	1211
83.8	-36	1211
83.8	-36	1211
83.8	-36	1211
83.7	-36	1212
83.7	-36	1212
83.7	-36	1212
83.7	-36	1212
83.4	-36	1214
83.4	-36	1214
83.4	-36	1214
83.4	-36	1214
83.4	-36	1214
83.5	-36	1216
83.5	-36	1216
83.5	-36	1216
83.5	-36	1216
83.5	-36	1216
83.4	-36	1217
83.4	-36	1217
83.4	-36	1217
83.4	-36	1217
83.4	-36	1217
83.2	-36	1219
83.2	-36	1219
83.2	-36	1219
83.2	-36	1219
83.2	-36	1220
83.2	-36	1220
83.2	-36	1220
83.2	-36	1220
83.2	-36	1220
83.1	-36	1222
83.1	-36	1222
83.1	-36	1222
83.1	-36	1222
83.0	-36	1223
83.0	-36	1223
83.0	-36	1223
83.0	-36	1223
83.0	-36	1223
82.8	-36	1225
82.8	-36	1225
82.8	-36	1225
82.8	-36	1225
82.8	-36	1225
82.8	-37	1227
82.8	-37	1227
82.8	-37	1227
82.8	-37	1227
82.5	-37	1228
82.5	-37	1228
82.5	-37	1228
82.5	-37	1228
82.6	-37	1230
82.6	-37	1230
82.6	-37	1230
82.6	-37	1230
82.6	-37	1230
82.5	-37	1231
82.5	-37	1231
82.5	-37	1231
82.5	-37	1231
82.5	-37	1231
82.4	-37	1233
82.4	-37	1233
82.4	-37	1233
82.4	-37	1233
82.5	-37	1234
82.5	-37	1234
82.5	-37	1234
82.5	-37	1234
82.3	-37	1236
82.3	-37	1236
82.3	-37	1236
82.3	-37	1236
82.3	-37	1236
82.2	-37	1238
82.2	-37	1238
82.2	-37	1238
82.2	-37	1238
82.2	-37	1238
82.0	-37	1240
82.0	-37	1240
82.0	-37	1240
82.0	-37	1240
81.9	-37	1240
81.9	-37	1240
81.9	-37	1240
81.9	-37	1240
81.9	-37	1240
81.8	-37	1242
81.8	-37	1242
81.8	-37	1242
81.8	-37	1242
81.8	-37	1243
81.8	-37	1243
81.8	-37	1243
81.8	-37	1243
81.8	-37	1243
81.7	-37	1245
81.7	-37	1245
81.7	-37	1245
81.7	-37	1245
81.7	-37	1245
81.7	-38	1246
81.7	-38	1246
81.7	-38	1246
81.7	-38	1246
81.5	-38	1247
81.5	-38	1247
81.5	-38	1247
81.5	-38	1247
81.5	-38	1247
81.6	-38	1250
81.6	-38	1250
81.6	-38	1250
81.6	-38	1250
81.2	-38	1251
81.2	-38	1251
81.2	-38	1251
81.2	-38	1251
81.2	-38	1251
81.4	-38	1252
81.4	-38	1252
81.4	-38	1252
81.4	-38	1252
81.3	-38	1254
81.3	-38	1254
81.3	-38	1254
81.3	-38	1254
81.3	-38	1254
81.0	-38	1255
81.0	-38	1255
81.0	-38	1255
81.0	-38	1255
81.0	-38	1255
80.9	-38	1257
80.9	-38	1257
80.9	-38	1257
80.9	-38	1257
80.9	-38	1258
80.9	-38	1258
80.9	-38	1258
80.9	-38	1258
80.7	-38	1260
80.7	-38	1260
80.7	-38	1260
80.7	-38	1260
80.7	-38	1260
80.5	-38	1261
80.5	-38	1261
80.5	-38	1261
80.5	-38	1261
80.5	-38	1261
80.4	-38	1261
80.4	-38	1261
80.4	-38	1261
80.4	-38	1261
80.7	-38	1263
80.7	-38	1263
80.7	-38	1263
80.7	-38	1263
80.7	-38	1263
80.4	-39	1266
80.4	-39	1266
80.4	-39	1266
80.4	-39	1266
80.7	-39	1267
80.7	-39	1267
80.7	-39	1267
80.7	-39	1267
80.7	-39	1267
80.6	-39	1267
80.6	-39	1267
80.6	-39	1267
80.6	-39	1267
80.6	-39	1267
80.5	-39	1269
80.5	-39	1269
80.5	-39	1269
80.5	-39	1269
79.7	-39	1270
79.7	-39	1270
79.7	-39	1270
79.7	-39	1270
79.7	-39	1270
80.4	-39	1272
80.4	-39	1272
80.4	-39	1272
80.4	-39	1272
80.2	-39	1273
80.2	-39	1273
80.2	-39	1273
80.2	-39	1273
80.0	-39	1274
80.0	-39	1274
80.0	-39	1274
80.0	-39	1274
79.8	-39	1275
79.8	-39	1275
79.8	-39	1275
79.8	-39	1275
79.8	-39	1275
79.9	-39	1276
79.9	-39	1276
79.9	-39	1276
79.9	-39	1276
79.9	-39	1276
79.4	-39	1278
79.4	-39	1278
79.4	-39	1278
79.4	-39	1278
79.4	-39	1278
79.6	-39	1280
79.6	-39	1280
79.6	-39	1280
79.6	-39	1280
79.4	-39	1281
79.4	-39	1281
79.4	-39	1281
79.4	-39	1281
79.4	-39	1281
79.2	-39	1282
79.2	-39	1282
79.2	-39	1282
79.2	-39	1282
79.2	-39	1282
78.9	-40	1284
78.9	-40	1284
78.9	-40	1284
78.9	-40	1284
79.1	-40	1285
79.1	-40	1285
79.1	-40	1285
79.1	-40	1285
79.1	-40	1285
78.4	-40	1287
78.4	-40	1287
78.4	-40	1287
78.4	-40	1287
78.4	-40	1287
79.3	-40	1289
79.3	-40	1289
79.3	-40	1289
79.3	-40	1289
79.3	-40	1289
78.7	-40	1289
78.7	-40	1289
78.7	-40	1289
78.7	-40	1289
79.3	-40	1291
79.3	-40	1291
79.3	-40	1291
79.3	-40	1291
79.3	-40	1291
78.5	-40	1292
78.5	-40	1292
78.5	-40	1292
78.5	-40	1292
78.5	-40	1292
78.4	-40	1293
78.4	-40	1293
78.4	-40	1293
78.4	-40	1293
78.5	-40	1295
78.5	-40	1295
78.5	-40	1295
78.5	-40	1295
78.5	-40	1295
78.7	-40	1296
78.7	-40	1296
78.7	-40	1296
78.7	-40	1296
78.7	-40	1296
78.4	-40	1296
78.4	-40	1296
78.4	-40	1296
78.4	-40	1296
78.5	-40	1299
78.5	-40	1299
78.5	-40	1299
78.5	-40	1299
78.5	-40	1299
77.7	-40	1299
77.7	-40	1299
77.7	-40	1299
77.7	-40	1299
78.1	-40	1300
78.1	-40	1300
78.1	-40	1300
78.1	-40	1300
78.1	-40	1300
78.4	-41	1301
78.4	-41	1301
78.4	-41	1301
78.4	-41	1301
78.2	-41	1303
78.2	-41	1303
78.2	-41	1303
78.2	-41	1303
78.2	-41	1303
78.0	-41	1304
78.0	-41	1304
78.0	-41	1304
78.0	-41	1304
78.0	-41	1304
77.9	-41	1305
77.9	-41	1305
77.9	-41	1305
77.9	-41	1305
77.9	-41	1305
78.0	-41	1306
78.0	-41	1306
78.0	-41	1306
78.0	-41	1306
77.5	-41	1308
77.5	-41	1308
77.5	-41	1308
77.5	-41	1308
77.5	-41	1308
77.6	-41	1310
77.6	-41	1310
77.6	-41	1310
77.6	-41	1310
77.4	-41	1311
77.4	-41	1311
77.4	-41	1311
77.4	-41	1311
77.4	-41	1311
77.0	-41	1312
77.0	-41	1312
77.0	-41	1312
77.0	-41	1312
77.0	-41	1312
76.8	-41	1313
76.8	-41	1313
76.8	-41	1313
76.8	-41	1313
77.6	-41	1314
77.6	-41	1314
77.6	-41	1314
77.6	-41	1314
77.0	-41	1315
77.0	-41	1315
77.0	-41	1315
77.0	-41	1315
77.0	-41	1315
77.4	-41	1316
77.4	-41	1316
77.4	-41	1316
77.4	-41	1316
77.4	-41	1316
77.0	-41	1317
77.0	-41	1317
77.0	-41	1317
77.0	-41	1317
77.0	-41	1317
76.9	-42	1318
76.9	-42	1318
76.9	-42	1318
76.9	-42	1318
76.8	-42	1319
76.8	-42	1319
76.8	-42	1319
76.8	-42	1319
76.8	-42	1319
76.8	-42	1320
76.8	-42	1320
76.8	-42	1320
76.8	-42	1320
76.6	-42	1322
76.6	-42	1322
76.6	-42	1322
76.6	-42	1322
76.6	-42	1322
76.4	-42	1324
76.4	-42	1324
76.4	-42	1324
76.4	-42	1324
76.4	-42	1324
76.9	-42	1324
76.9	-42	1324
76.9	-42	1324
76.9	-42	1324
76.4	-42	1325
76.4	-42	1325
76.4	-42	1325
76.4	-42	1325
76.4	-42	1326
76.4	-42	1326
76.4	-42	1326
76.4	-42	1326
76.4	-42	1326
76.6	-42	1328
76.6	-42	1328
76.6	-42	1328
76.6	-42	1328
76.6	-42	1328
76.2	-42	1328
76.2	-42	1328
76.2	-42	1328
76.2	-42	1328
76.1	-42	1329
76.1	-42	1329
76.1	-42	1329
76.1	-42	1329
76.1	-42	1329
76.4	-42	1331
76.4	-42	1331
76.4	-42	1331
76.4	-42	1331
76.4	-42	1331
75.8	-42	1332
75.8	-42	1332
75.8	-42	1332
75.8	-42	1332
75.8	-42	1332
75.8	-42	1333
75.8	-42	1333
75.8	-42	1333
75.8	-42	1333
75.8	-42	1334
75.8	-42	1334
75.8	-42	1334
75.8	-42	1334
75.8	-42	1334
75.5	-43	1335
75.5	-43	1335
75.5	-43	1335
75.5	-43	1335
75.5	-43	1335
75.5	-43	1335
75.5	-43	1335
75.5	-43	1335
75.5	-43	1335
75.6	-43	1337
75.6	-43	1337
75.6	-43	1337
75.6	-43	1337
75.6	-43	1337
75.5	-43	1338
75.5	-43	1338
75.5	-43	1338
75.5	-43	1338
75.5	-43	1338
75.3	-43	1339
75.3	-43	1339
75.3	-43	1339
75.3	-43	1339
75.5	-43	1340
75.5	-43	1340
75.5	-43	1340
75.5	-43	1340
75.5	-43	1340
75.3	-43	1341
75.3	-43	1341
75.3	-43	1341
75.3	-43	1341
75.3	-43	1342
75.3	-43	1342
75.3	-43	1342
75.3	-43	1342
75.3	-43	1342
75.3	-43	1342
75.3	-43	1342
75.3	-43	1342
75.3	-43	1342
75.3	-43	1342
74.8	-43	1343
74.8	-43	1343
74.8	-43	1343
74.8	-43	1343
74.9	-43	1345
74.9	-43	1345
74.9	-43	1345
74.9	-43	1345
74.9	-43	1345
74.8	-43	1346
74.8	-43	1346
74.8	-43	1346
74.8	-43	1346
74.8	-43	1347
74.8	-43	1347
74.8	-43	1347
74.8	-43	1347
74.8	-43	1347
74.8	-43	1347
74.8	-43	1347
74.8	-43	1347
74.8	-43	1347
74.8	-43	1347
74.6	-43	1349
74.6	-43	1349
74.6	-43	1349
74.6	-43	1349
74.5	-43	1349
74.5	-43	1349
74.5	-43	1349
74.5	-43	1349
74.5	-43	1349
74.6	-44	1350
74.6	-44	1350
74.6	-44	1350
74.6	-44	1350
74.6	-44	1350
74.4	-44	1352
74.4	-44	1352
74.4	-44	1352
74.4	-44	1352
74.0	-44	1353
74.0	-44	1353
74.0	-44	1353
74.0	-44	1353
74.0	-44	1353
74.3	-44	1353
74.3	-44	1353
74.3	-44	1353
74.3	-44	1353
74.3	-44	1353
74.1	-44	1354
74.1	-44	1354
74.1	-44	1354
74.1	-44	1354
74.1	-44	1354
73.9	-44	1356
73.9	-44	1356
73.9	-44	1356
73.9	-44	1356
74.0	-44	1356
74.0	-44	1356
74.0	-44	1356
74.0	-44	1356
74.0	-44	1356
73.9	-44	1357
73.9	-44	1357
73.9	-44	1357
73.9	-44	1357
73.8	-44	1358
73.8	-44	1358
73.8	-44	1358
73.8	-44	1358
73.8	-44	1358
73.7	-44	1359
73.7	-44	1359
73.7	-44	1359
73.7	-44	1359
73.7	-44	1359
73.5	-44	1360
73.5	-44	1360
73.5	-44	1360
73.5	-44	1360
73.6	-44	1360
73.6	-44	1360
73.6	-44	1360
73.6	-44	1360
73.6	-44	1360
73.4	-44	1361
73.4	-44	1361
73.4	-44	1361
73.4	-44	1361
73.4	-44	1361
73.2	-44	1363
73.2	-44	1363
73.2	-44	1363
73.2	-44	1363
73.3	-44	1363
73.3	-44	1363
73.3	-44	1363
73.3	-44	1363
73.5	-44	1364
73.5	-44	1364
73.5	-44	1364
73.5	-44	1364
73.5	-44	1364
73.4	-44	1365
73.4	-44	1365
73.4	-44	1365
73.4	-44	1365
73.1	-44	1365
73.1	-44	1365
73.1	-44	1365
73.1	-44	1365
73.1	-44	1365
73.1	-45	1366
73.1	-45	1366
73.1	-45	1366
73.1	-45	1366
72.9	-45	1366
72.9	-45	1366
72.9	-45	1366
72.9	-45	1366
72.9	-45	1366
72.7	-45	1368
72.7	-45	1368
72.7	-45	1368
72.7	-45	1368
72.8	-45	1368
72.8	-45	1368
72.8	-45	1368
72.8	-45	1368
72.8	-45	1368
72.9	-45	1370
72.9	-45	1370
72.9	-45	1370
72.9	-45	1370
72.5	-45	1370
72.5	-45	1370
72.5	-45	1370
72.5	-45	1370
72.5	-45	1370
72.5	-45	1370
72.8	-45	1371
72.8	-45	1371
72.8	-45	1371
72.8	-45	1371
72.5	-45	1372
72.5	-45	1372
72.5	-45	1372
72.5	-45	1372
72.5	-45	1372
72.4	-45	1373
72.4	-45	1373
72.4	-45	1373
72.4	-45	1373
72.1	-45	1374
72.1	-45	1374
72.1	-45	1374
72.1	-45	1374
72.1	-45	1374
72.6	-45	1374
72.6	-45	1374
72.6	-45	1374
72.6	-45	1374
72.5	-45	1375
72.5	-45	1375
72.5	-45	1375
72.5	-45	1375
72.5	-45	1375
71.9	-45	1375
71.9	-45	1375
71.9	-45	1375
71.9	-45	1375
72.5	-45	1377
72.5	-45	1377
72.5	-45	1377
72.5	-45	1377
72.3	-45	1377
72.3	-45	1377
72.3	-45	1377
72.3	-45	1377
72.3	-45	1377
72.3	-45	1377
72.3	-45	1377
72.3	-45	1377
72.3	-45	1377
72.1	-45	1379
72.1	-45	1379
72.1	-45	1379
72.1	-45	1379
72.1	-45	1379
71.5	-45	1379
71.5	-45	1379
71.5	-45	1379
71.5	-45	1379
71.5	-45	1379
72.1	-46	1379
72.1	-46	1379
72.1	-46	1379
72.1	-46	1379
71.8	-46	1381
71.8	-46	1381
71.8	-46	1381
71.8	-46	1381
71.8	-46	1381
71.8	-46	1381
71.8	-46	1381
71.8	-46	1381
71.8	-46	1381
71.8	-46	1382
71.8	-46	1382
71.8	-46	1382
71.8	-46	1382
71.8	-46	1382
71.6	-46	1383
71.6	-46	1383
71.6	-46	1383
71.6	-46	1383
71.6	-46	1383
71.5	-46	1383
71.5	-46	1383
71.5	-46	1383
71.5	-46	1383
71.4	-46	1384
71.4	-46	1384
71.4	-46	1384
71.4	-46	1384
71.4	-46	1384
71.3	-46	1385
71.3	-46	1385
71.3	-46	1385
71.3	-46	1385
71.3	-46	1385
71.3	-46	1385
71.3	-46	1385
71.3	-46	1385
71.3	-46	1385
71.1	-46	1386
71.1	-46	1386
71.1	-46	1386
71.1	-46	1386
71.1	-46	1386
71.2	-46	1386
71.2	-46	1386
71.2	-46	1386
71.2	-46	1386
71.4	-46	1387
71.4	-46	1387
71.4	-46	1387
71.4	-46	1387
71.4	-46	1387
70.9	-46	1388
70.9	-46	1388
70.9	-46	1388
70.9	-46	1388
70.9	-46	1388
71.0	-46	1389
71.0	-46	1389
71.0	-46	1389
71.0	-46	1389
71.0	-46	1389
70.9	-46	1390
70.9	-46	1390
70.9	-46	1390
70.9	-46	1390
70.8	-46	1390
70.8	-46	1390
70.8	-46	1390
70.8	-46	1390
70.8	-46	1390
70.7	-46	1390
70.7	-46	1390
70.7	-46	1390
70.7	-46	1390
70.7	-46	1390
70.6	-46	1391
70.6	-46	1391
70.6	-46	1391
70.6	-46	1391
70.6	-46	1391
70.7	-46	1392
70.7	-46	1392
70.7	-46	1392
70.7	-46	1392
70.2	-46	1393
70.2	-46	1393
70.2	-46	1393
70.2	-46	1393
70.2	-46	1393
70.3	-47	1394
70.3	-47	1394
70.3	-47	1394
70.3	-47	1394
70.2	-47	1394
70.2	-47	1394
70.2	-47	1394
70.2	-47	1394
70.2	-47	1394
70.3	-47	1395
70.3	-47	1395
70.3	-47	1395
70.3	-47	1395
70.3	-47	1395
70.1	-47	1395
70.1	-47	1395
70.1	-47	1395
70.1	-47	1395
69.8	-47	1395
69.8	-47	1395
69.8	-47	1395
69.8	-47	1395
69.8	-47	1395
70.0	-47	1397
70.0	-47	1397
70.0	-47	1397
70.0	-47	1397
70.0	-47	1397
69.8	-47	1397
69.8	-47	1397
69.8	-47	1397
69.8	-47	1397
69.8	-47	1397
69.8	-47	1397
69.8	-47	1397
69.8	-47	1397
69.8	-47	1397
69.8	-47	1399
69.8	-47	1399
69.8	-47	1399
69.8	-47	1399
69.8	-47	1399
70.0	-47	1399
70.0	-47	1399
70.0	-47	1399
70.0	-47	1399
70.0	-47	1399
69.5	-47	1399
69.5	-47	1399
69.5	-47	1399
69.5	-47	1399
69.5	-47	1399
69.8	-47	1400
69.8	-47	1400
69.8	-47	1400
69.8	-47	1400
69.4	-47	1400
69.4	-47	1400
69.4	-47	1400
69.4	-47	1400
69.4	-47	1400
69.6	-47	1401
69.6	-47	1401
69.6	-47	1401
69.6	-47	1401
69.6	-47	1401
69.3	-47	1401
69.3	-47	1401
69.3	-47	1401
69.3	-47	1401
69.3	-47	1402
69.3	-47	1402
69.3	-47	1402
69.3	-47	1402
69.3	-47	1402
69.4	-47	1403
69.4	-47	1403
69.4	-47	1403
69.4	-47	1403
69.4	-47	1403
69.1	-47	1404
69.1	-47	1404
69.1	-47	1404
69.1	-47	1404
69.1	-47	1404
69.3	-47	1404
69.3	-47	1404
69.3	-47	1404
69.3	-47	1404
69.0	-47	1405
69.0	-47	1405
69.0	-47	1405
69.0	-47	1405
69.0	-47	1405
69.0	-48	1405
69.0	-48	1405
69.0	-48	1405
69.0	-48	1405
69.0	-48	1405
69.0	-48	1406
69.0	-48	1406
69.0	-48	1406
69.0	-48	1406
69.0	-48	1406
68.8	-48	1406
68.8	-48	1406
68.8	-48	1406
68.8	-48	1406
68.8	-48	1407
68.8	-48	1407
68.8	-48	1407
68.8	-48	1407
68.7	-48	1407
68.7	-48	1407
68.7	-48	1407
68.7	-48	1407
68.7	-48	1407
68.8	-48	1408
68.8	-48	1408
68.8	-48	1408
68.8	-48	1408
68.5	-48	1408
68.5	-48	1408
68.5	-48	1408
68.5	-48	1408
68.5	-48	1409
68.5	-48	1409
68.5	-48	1409
68.5	-48	1409
68.5	-48	1409
68.4	-48	1409
68.4	-48	1409
68.4	-48	1409
68.4	-48	1409
68.4	-48	1410
68.4	-48	1410
68.4	-48	1410
68.4	-48	1410
68.4	-48	1410
68.2	-48	1410
68.2	-48	1410
68.2	-48	1410
68.2	-48	1410
68.2	-48	1410
68.3	-48	1410
68.3	-48	1410
68.3	-48	1410
68.3	-48	1410
68.1	-48	1411
68.1	-48	1411
68.1	-48	1411
68.1	-48	1411
68.1	-48	1411
68.2	-48	1411
68.2	-48	1411
68.2	-48	1411
68.2	-48	1411
68.2	-48	1411
68.3	-48	1412
68.3	-48	1412
68.3	-48	1412
68.3	-48	1412
68.1	-48	1413
68.1	-48	1413
68.1	-48	1413
68.1	-48	1413
68.1	-48	1413
68.0	-48	1412
68.0	-48	1412
68.0	-48	1412
68.0	-48	1412
68.0	-48	1412
68.0	-48	1413
68.0	-48	1413
68.0	-48	1413
68.0	-48	1413
67.7	-48	1413
67.7	-48	1413
67.7	-48	1413
67.7	-48	1413
67.7	-48	1413
67.6	-48	1415
67.6	-48	1415
67.6	-48	1415
67.6	-48	1415
67.6	-48	1415
67.7	-48	1415
67.7	-48	1415
67.7	-48	1415
67.7	-48	1415
67.7	-48	1415
67.7	-48	1415
67.7	-48	1415
67.7	-48	1415
67.7	-48	1415
67.5	-48	1416
67.5	-48	1416
67.5	-48	1416
67.5	-48	1416
67.5	-48	1416
67.6	-49	1416
67.6	-49	1416
67.6	-49	1416
67.6	-49	1416
67.6	-49	1416
67.7	-49	1417
67.7	-49	1417
67.7	-49	1417
67.7	-49	1417
67.3	-49	1418
67.3	-49	1418
67.3	-49	1418
67.3	-49	1418
67.3	-49	1417
67.3	-49	1417
67.3	-49	1417
67.3	-49	1417
67.3	-49	1417
67.3	-49	1417
67.3	-49	1417
67.3	-49	1417
67.3	-49	1417
67.3	-49	1417
67.0	-49	1418
67.0	-49	1418
67.0	-49	1418
67.0	-49	1418
67.0	-49	1418
66.9	-49	1419
66.9	-49	1419
66.9	-49	1419
66.9	-49	1419
67.0	-49	1419
67.0	-49	1419
67.0	-49	1419
67.0	-49	1419
67.0	-49	1419
66.9	-49	1420
66.9	-49	1420
66.9	-49	1420
66.9	-49	1420
66.9	-49	1420
66.8	-49	1420
66.8	-49	1420
66.8	-49	1420
66.8	-49	1420
67.0	-49	1421
67.0	-49	1421
67.0	-49	1421
67.0	-49	1421
67.0	-49	1420
67.0	-49	1420
67.0	-49	1420
67.0	-49	1420
67.0	-49	1420
66.5	-49	1421
66.5	-49	1421
66.5	-49	1421
66.5	-49	1421
66.5	-49	1421
66.6	-49	1422
66.6	-49	1422
66.6	-49	1422
66.6	-49	1422
66.7	-49	1421
66.7	-49	1421
66.7	-49	1421
66.7	-49	1421
66.3	-49	1422
66.3	-49	1422
66.3	-49	1422
66.3	-49	1422
66.3	-49	1422
66.4	-49	1423
66.4	-49	1423
66.4	-49	1423
66.4	-49	1423
66.4	-49	1423
66.1	-49	1423
66.1	-49	1423
66.1	-49	1423
66.1	-49	1423
66.2	-49	1424
66.2	-49	1424
66.2	-49	1424
66.2	-49	1424
66.2	-49	1424
66.3	-49	1424
66.3	-49	1424
66.3	-49	1424
66.3	-49	1424
66.3	-49	1424
66.3	-49	1424
66.3	-49	1424
66.3	-49	1424
66.3	-49	1424
66.3	-49	1425
66.3	-49	1425
66.3	-49	1425
66.3	-49	1425
65.9	-49	1425
65.9	-49	1425
65.9	-49	1425
65.9	-49	1425
65.9	-49	1425
65.9	-49	1425
65.9	-49	1425
65.9	-49	1425
65.9	-49	1425
65.9	-49	1425
66.0	-49	1425
66.0	-49	1425
66.0	-49	1425
66.0	-49	1425
66.0	-49	1425
66.0	-50	1425
66.0	-50	1425
66.0	-50	1425
66.0	-50	1425
65.7	-50	1426
65.7	-50	1426
65.7	-50	1426
65.7	-50	1426
65.7	-50	1426
66.0	-50	1427
66.0	-50	1427
66.0	-50	1427
66.0	-50	1427
65.9	-50	1427
65.9	-50	1427
65.9	-50	1427
65.9	-50	1427
65.9	-50	1427
65.4	-50	1427
65.4	-50	1427
65.4	-50	1427
65.4	-50	1427
65.4	-50	1427
65.3	-50	1427
65.3	-50	1427
65.3	-50	1427
65.3	-50	1427
65.7	-50	1428
65.7	-50	1428
65.7	-50	1428
65.7	-50	1428
65.3	-50	1427
65.3	-50	1427
65.3	-50	1427
65.3	-50	1427
65.3	-50	1427
65.6	-50	1429
65.6	-50	1429
65.6	-50	1429
65.6	-50	1429
65.6	-50	1429
65.4	-50	1429
65.4	-50	1429
65.4	-50	1429
65.4	-50	1429
65.4	-50	1429
65.0	-50	1429
65.0	-50	1429
65.0	-50	1429
65.0	-50	1429
65.2	-50	1430
65.2	-50	1430
65.2	-50	1430
65.2	-50	1430
65.2	-50	1430
65.2	-50	1430
65.2	-50	1430
65.2	-50	1430
65.2	-50	1430
65.2	-50	1430
64.9	-50	1430
64.9	-50	1430
64.9	-50	1430
64.9	-50	1430
64.9	-50	1430
64.9	-50	1430
64.9	-50	1430
64.9	-50	1430
64.9	-50	1430
65.0	-50	1430
65.0	-50	1430
65.0	-50	1430
65.0	-50	1430
64.8	-50	1431
64.8	-50	1431
64.8	-50	1431
64.8	-50	1431
64.8	-50	1431
64.8	-50	1431
64.8	-50	1431
64.8	-50	1431
64.8	-50	1431
64.8	-50	1431
64.9	-50	1431
64.9	-50	1431
64.9	-50	1431
64.9	-50	1431
64.6	-50	1432
64.6	-50	1432
64.6	-50	1432
64.6	-50	1432
64.5	-50	1432
64.5	-50	1432
64.5	-50	1432
64.5	-50	1432
64.5	-50	1432
64.6	-50	1432
64.6	-50	1432
64.6	-50	1432
64.6	-50	1432
64.6	-50	1433
64.6	-50	1433
64.6	-50	1433
64.6	-50	1433
64.6	-50	1433
64.6	-50	1433
64.6	-50	1433
64.6	-50	1433
64.6	-50	1433
64.6	-50	1433
64.6	-50	1433
64.6	-50	1433
64.6	-50	1433
64.6	-50	1433
64.4	-50	1433
64.4	-50	1433
64.4	-50	1433
64.4	-50	1433
64.4	-50	1433
64.2	-50	1434
64.2	-50	1434
64.2	-50	1434
64.2	-50	1434
64.2	-50	1434
64.1	-50	1434
64.1	-50	1434
64.1	-50	1434
64.1	-50	1434
64.3	-50	1434
64.3	-50	1434
64.3	-50	1434
64.3	-50	1434
64.3	-50	1434
64.6	-50	1434
64.6	-50	1434
64.6	-50	1434
64.6	-50	1434
64.6	-50	1434
64.2	-51	1434
64.2	-51	1434
64.2	-51	1434
64.2	-51	1434
64.2	-51	1434
63.9	-51	1435
63.9	-51	1435
63.9	-51	1435
63.9	-51	1435
64.1	-51	1435
64.1	-51	1435
64.1	-51	1435
64.1	-51	1435
64.1	-51	1435
63.8	-51	1435
63.8	-51	1435
63.8	-51	1435
63.8	-51	1435
63.9	-51	1436
63.9	-51	1436
63.9	-51	1436
63.9	-51	1436
63.9	-51	1436
63.7	-51	1435
63.7	-51	1435
63.7	-51	1435
63.7	-51	1435
63.7	-51	1435
63.9	-51	1436
63.9	-51	1436
63.9	-51	1436
63.9	-51	1436
63.6	-51	1437
63.6	-51	1437
63.6	-51	1437
63.6	-51	1437
63.6	-51	1437
63.5	-51	1436
63.5	-51	1436
63.5	-51	1436
63.5	-51	1436
63.5	-51	1436
63.5	-51	1437
63.5	-51	1437
63.5	-51	1437
63.5	-51	1437
63.5	-51	1437
63.6	-51	1437
63.6	-51	1437
63.6	-51	1437
63.6	-51	1437
63.6	-51	1437
63.6	-51	1437
63.6	-51	1437
63.6	-51	1437
63.6	-51	1437
63.4	-51	1437
63.4	-51	1437
63.4	-51	1437
63.4	-51	1437
63.2	-51	1438
63.2	-51	1438
63.2	-51	1438
63.2	-51	1438
63.2	-51	1438
63.0	-51	1438
63.0	-51	1438
63.0	-51	1438
63.0	-51	1438
63.0	-51	1438
63.3	-51	1439
63.3	-51	1439
63.3	-51	1439
63.3	-51	1439
63.0	-51	1439
63.0	-51	1439
63.0	-51	1439
63.0	-51	1439
63.1	-51	1438
63.1	-51	1438
63.1	-51	1438
63.1	-51	1438
63.1	-51	1438
63.1	-51	1439
63.1	-51	1439
63.1	-51	1439
63.1	-51	1439
63.1	-51	1439
63.1	-51	1439
63.1	-51	1439
63.1	-51	1439
63.1	-51	1439
63.3	-51	1439
63.3	-51	1439
63.3	-51	1439
63.3	-51	1439
63.3	-51	1439
63.1	-51	1439
63.1	-51	1439
63.1	-51	1439
63.1	-51	1439
62.7	-51	1439
62.7	-51	1439
62.7	-51	1439
62.7	-51	1439
63.1	-51	1440
63.1	-51	1440
63.1	-51	1440
63.1	-51	1440
63.1	-51	1440
62.7	-51	1440
62.7	-51	1440
62.7	-51	1440
62.7	-51	1440
62.9	-51	1440
62.9	-51	1440
62.9	-51	1440
62.9	-51	1440
62.9	-51	1440
62.8	-51	1441
62.8	-51	1441
62.8	-51	1441
62.8	-51	1441
62.8	-51	1441
62.8	-51	1441
62.8	-51	1441
62.8	-51	1441
62.8	-51	1441
62.8	-51	1441
62.8	-51	1441
62.8	-51	1441
62.8	-51	1441
62.8	-51	1441
62.3	-51	1441
62.3	-51	1441
62.3	-51	1441
62.3	-51	1441
62.3	-51	1441
62.3	-51	1441
62.3	-51	1441
62.3	-51	1441
62.3	-51	1441
62.3	-51	1442
62.3	-51	1442
62.3	-51	1442
62.3	-51	1442
62.3	-51	1442
62.3	-51	1442
62.3	-51	1442
62.3	-51	1442
62.3	-51	1442
62.3	-51	1442
62.1	-52	1442
62.1	-52	1442
62.1	-52	1442
62.1	-52	1442
62.1	-52	1442
62.3	-52	1442
62.3	-52	1442
62.3	-52	1442
62.3	-52	1442
62.2	-52	1441
62.2	-52	1441
62.2	-52	1441
62.2	-52	1441
62.2	-52	1441
62.3	-52	1442
62.3	-52	1442
62.3	-52	1442
62.3	-52	1442
62.0	-52	1443
62.0	-52	1443
62.0	-52	1443
62.0	-52	1443
62.0	-52	1443
61.7	-52	1443
61.7	-52	1443
61.7	-52	1443
61.7	-52	1443
61.7	-52	1443
61.8	-52	1442
61.8	-52	1442
61.8	-52	1442
61.8	-52	1442
61.8	-52	1443
61.8	-52	1443
61.8	-52	1443
61.8	-52	1443
62.0	-52	1443
62.0	-52	1443
62.0	-52	1443
62.0	-52	1443
62.0	-52	1443
61.8	-52	1443
61.8	-52	1443
61.8	-52	1443
61.8	-52	1443
61.8	-52	1443
61.8	-52	1443
61.8	-52	1443
61.8	-52	1443
61.8	-52	1443
61.6	-52	1443
61.6	-52	1443
61.6	-52	1443
61.6	-52	1443
61.6	-52	1443
61.7	-52	1444
61.7	-52	1444
61.7	-52	1444
61.7	-52	1444
61.6	-52	1444
61.6	-52	1444
61.6	-52	1444
61.6	-52	1444
61.6	-52	1444
61.4	-52	1443
61.4	-52	1443
61.4	-52	1443
61.4	-52	1443
61.5	-52	1444
61.5	-52	1444
61.5	-52	1444
61.5	-52	1444
61.5	-52	1444
61.3	-52	1445
61.3	-52	1445
61.3	-52	1445
61.3	-52	1445
61.3	-52	1445
61.3	-52	1445
61.3	-52	1445
61.3	-52	1445
61.3	-52	1445
61.3	-52	1445
61.1	-52	1444
61.1	-52	1444
61.1	-52	1444
61.1	-52	1444
61.2	-52	1445
61.2	-52	1445
61.2	-52	1445
61.2	-52	1445
61.2	-52	1444
61.2	-52	1444
61.2	-52	1444
61.2	-52	1444
61.2	-52	1444
61.5	-52	1445
61.5	-52	1445
61.5	-52	1445
61.5	-52	1445
61.5	-52	1445
61.3	-52	1445
61.3	-52	1445
61.3	-52	1445
61.3	-52	1445
60.9	-52	1444
60.9	-52	1444
60.9	-52	1444
60.9	-52	1444
61.1	-52	1445
61.1	-52	1445
61.1	-52	1445
61.1	-52	1445
61.1	-52	1445
60.8	-52	1445
60.8	-52	1445
60.8	-52	1445
60.8	-52	1445
60.8	-52	1445
60.6	-52	1445
60.6	-52	1445
60.6	-52	1445
60.6	-52	1445
60.7	-52	1445
60.7	-52	1445
60.7	-52	1445
60.7	-52	1445
60.7	-52	1445
60.7	-52	1446
60.7	-52	1446
60.7	-52	1446
60.7	-52	1446
60.6	-52	1445
60.6	-52	1445
60.6	-52	1445
60.6	-52	1445
60.6	-52	1445
60.7	-52	1446
60.7	-52	1446
60.7	-52	1446
60.7	-52	1446
60.7	-52	1446
60.6	-52	1445
60.6	-52	1445
60.6	-52	1445
60.6	-52	1445
60.5	-52	1446
60.5	-52	1446
60.5	-52	1446
60.5	-52	1446
60.5	-52	1446
60.5	-52	1446
60.5	-52	1446
60.5	-52	1446
60.5	-52	1446
60.4	-52	1446
60.4	-52	1446
60.4	-52	1446
60.4	-52	1446
60.4	-52	1446
60.3	-52	1446
60.3	-52	1446
60.3	-52	1446
60.3	-52	1446
60.3	-52	1446
60.3	-52	1446
60.3	-52	1446
60.3	-52	1446
60.3	-52	1446
60.3	-52	1446
60.2	-52	1446
60.2	-52	1446
60.2	-52	1446
60.2	-52	1446
60.3	-52	1447
60.3	-52	1447
60.3	-52	1447
60.3	-52	1447
60.3	-52	1447
60.3	-53	1446
60.3	-53	1446
60.3	-53	1446
60.3	-53	1446
60.3	-53	1446
60.2	-53	1447
60.2	-53	1447
60.2	-53	1447
60.2	-53	1447
60.2	-53	1447
60.2	-53	1447
60.2	-53	1447
60.2	-53	1447
60.2	-53	1447
60.1	-53	1447
60.1	-53	1447
60.1	-53	1447
60.1	-53	1447
60.3	-53	1447
60.3	-53	1447
60.3	-53	1447
60.3	-53	1447
60.3	-53	1447
60.0	-53	1447
60.0	-53	1447
60.0	-53	1447
60.0	-53	1447
60.0	-53	1447
59.7	-53	1447
59.7	-53	1447
59.7	-53	1447
59.7	-53	1447
59.7	-53	1447
59.7	-53	1447
59.7	-53	1447
59.7	-53	1447
59.7	-53	1447
59.6	-53	1447
59.6	-53	1447
59.6	-53	1447
59.6	-53	1447
59.6	-53	1447
59.7	-53	1447
59.7	-53	1447
59.7	-53	1447
59.7	-53	1447
59.7	-53	1447
59.4	-53	1447
59.4	-53	1447
59.4	-53	1447
59.4	-53	1447
59.5	-53	1448
59.5	-53	1448
59.5	-53	1448
59.5	-53	1448
59.5	-53	1448
59.5	-53	1448
59.5	-53	1448
59.5	-53	1448
59.5	-53	1448
59.5	-53	1448
59.5	-53	1447
59.5	-53	1447
59.5	-53	1447
59.5	-53	1447
59.5	-53	1447
59.5	-53	1447
59.5	-53	1447
59.5	-53	1447
59.5	-53	1447
59.4	-53	1448
59.4	-53	1448
59.4	-53	1448
59.4	-53	1448
59.4	-53	1448
59.5	-53	1448
59.5	-53	1448
59.5	-53	1448
59.5	-53	1448
59.3	-53	1448
59.3	-53	1448
59.3	-53	1448
59.3	-53	1448
59.3	-53	1448
59.2	-53	1448
59.2	-53	1448
59.2	-53	1448
59.2	-53	1448
59.2	-53	1448
59.4	-53	1448
59.4	-53	1448
59.4	-53	1448
59.4	-53	1448
59.1	-53	1448
59.1	-53	1448
59.1	-53	1448
59.1	-53	1448
59.1	-53	1448
59.2	-53	1448
59.2	-53	1448
59.2	-53	1448
59.2	-53	1448
59.2	-53	1448
59.0	-53	1449
59.0	-53	1449
59.0	-53	1449
59.0	-53	1449
59.2	-53	1447
59.2	-53	1447
59.2	-53	1447
59.2	-53	1447
59.2	-53	1447
58.9	-53	1448
58.9	-53	1448
58.9	-53	1448
58.9	-53	1448
58.9	-53	1448
58.9	-53	1448
58.9	-53	1448
58.9	-53	1448
58.9	-53	1448
59.0	-53	1448
59.0	-53	1448
59.0	-53	1448
59.0	-53	1448
59.0	-53	1448
59.0	-53	1448
59.0	-53	1448
59.0	-53	1448
59.0	-53	1448
58.7	-53	1449
58.7	-53	1449
58.7	-53	1449
58.7	-53	1449
58.7	-53	1449
58.7	-53	1448
58.7	-53	1448
58.7	-53	1448
58.7	-53	1448
58.6	-53	1449
58.6	-53	1449
58.6	-53	1449
58.6	-53	1449
58.6	-53	1448
58.6	-53	1448
58.6	-53	1448
58.6	-53	1448
58.6	-53	1448
58.6	-53	1448
58.6	-53	1448
58.6	-53	1448
58.6	-53	1448
58.6	-53	1448
58.5	-53	1449
58.5	-53	1449
58.5	-53	1449
58.5	-53	1449
58.5	-53	1449
58.6	-53	1448
58.6	-53	1448
58.6	-53	1448
58.6	-53	1448
58.4	-53	1449
58.4	-53	1449
58.4	-53	1449
58.4	-53	1449
58.4	-53	1449
58.2	-53	1449
58.2	-53	1449
58.2	-53	1449
58.2	-53	1449
58.2	-53	1449
58.6	-53	1448
58.6	-53	1448
58.6	-53	1448
58.6	-53	1448
58.6	-53	1448
58.2	-53	1449
58.2	-53	1449
58.2	-53	1449
58.2	-53	1449
58.5	-53	1449
58.5	-53	1449
58.5	-53	1449
58.5	-53	1449
58.5	-53	1449
58.1	-53	1449
58.1	-53	1449
58.1	-53	1449
58.1	-53	1449
58.3	-53	1449
58.3	-53	1449
58.3	-53	1449
58.3	-53	1449
58.3	-53	1449
58.2	-53	1449
58.2	-53	1449
58.2	-53	1449
58.2	-53	1449
58.1	-53	1449
58.1	-53	1449
58.1	-53	1449
58.1	-53	1449
58.1	-53	1449
58.1	-53	1449
58.1	-53	1449
58.1	-53	1449
58.1	-53	1449
58.1	-53	1449
57.8	-53	1449
57.8	-53	1449
57.8	-53	1449
57.8	-53	1449
57.8	-54	1449
57.8	-54	1449
57.8	-54	1449
57.8	-54	1449
57.8	-54	1449
57.9	-54	1449
57.9	-54	1449
57.9	-54	1449
57.9	-54	1449
57.9	-54	1449
57.9	-54	1449
57.9	-54	1449
57.9	-54	1449
57.9	-54	1449
57.9	-54	1450
57.9	-54	1450
57.9	-54	1450
57.9	-54	1450
57.5	-54	1450
57.5	-54	1450
57.5	-54	1450
57.5	-54	1450
57.5	-54	1450
57.7	-54	1449
57.7	-54	1449
57.7	-54	1449
57.7	-54	1449
57.7	-54	1449
57.5	-54	1450
57.5	-54	1450
57.5	-54	1450
57.5	-54	1450
57.4	-54	1449
57.4	-54	1449
57.4	-54	1449
57.4	-54	1449
57.7	-54	1449
57.7	-54	1449
57.7	-54	1449
57.7	-54	1449
57.7	-54	1449
57.6	-54	1450
57.6	-54	1450
57.6	-54	1450
57.6	-54	1450
57.4	-54	1450
57.4	-54	1450
57.4	-54	1450
57.4	-54	1450
57.4	-54	1450
57.3	-54	1449
57.3	-54	1449
57.3	-54	1449
57.3	-54	1449
57.2	-54	1448
57.2	-54	1448
57.2	-54	1448
57.2	-54	1448
57.2	-54	1448
57.6	-54	1448
57.6	-54	1448
57.6	-54	1448
57.6	-54	1448
57.6	-54	1448
57.3	-54	1449
57.3	-54	1449
57.3	-54	1449
57.3	-54	1449
57.1	-54	1449
57.1	-54	1449
57.1	-54	1449
57.1	-54	1449
57.1	-54	1449
56.9	-54	1449
56.9	-54	1449
56.9	-54	1449
56.9	-54	1449
56.9	-54	1449
57.2	-54	1448
57.2	-54	1448
57.2	-54	1448
57.2	-54	1448
57.2	-54	1448
56.7	-54	1449
56.7	-54	1449
56.7	-54	1449
56.7	-54	1449
56.7	-54	1449
56.7	-54	1449
56.7	-54	1449
56.7	-54	1449
56.7	-54	1449
56.8	-54	1448
56.8	-54	1448
56.8	-54	1448
56.8	-54	1448
56.8	-54	1448
56.8	-54	1449
56.8	-54	1449
56.8	-54	1449
56.8	-54	1449
56.4	-54	1449
56.4	-54	1449
56.4	-54	1449
56.4	-54	1449
56.4	-54	1449
56.8	-54	1449
56.8	-54	1449
56.8	-54	1449
56.8	-54	1449
56.8	-54	1449
56.7	-54	1449
56.7	-54	1449
56.7	-54	1449
56.7	-54	1449
56.7	-54	1449
56.6	-54	1449
56.6	-54	1449
56.6	-54	1449
56.6	-54	1449
56.7	-54	1449
56.7	-54	1449
56.7	-54	1449
56.7	-54	1449
56.7	-54	1449
56.6	-54	1449
56.6	-54	1449
56.6	-54	1449
56.6	-54	1449
56.6	-54	1449
56.9	-54	1449
56.9	-54	1449
56.9	-54	1449
56.9	-54	1449
56.9	-54	1449
56.8	-54	1448
56.8	-54	1448
56.8	-54	1448
56.8	-54	1448
57.0	-54	1448
57.0	-54	1448
57.0	-54	1448
57.0	-54	1448
57.0	-54	1448
56.3	-54	1449
56.3	-54	1449
56.3	-54	1449
56.3	-54	1449
56.3	-54	1449
56.5	-54	1448
56.5	-54	1448
56.5	-54	1448
56.5	-54	1448
56.5	-54	1448
56.9	-54	1448
56.9	-54	1448
56.9	-54	1448
56.9	-54	1448
56.1	-54	1449
56.1	-54	1449
56.1	-54	1449
56.1	-54	1449
56.1	-54	1449
56.4	-54	1449
56.4	-54	1449
56.4	-54	1449
56.4	-54	1449
56.4	-54	1449
56.2	-54	1449
56.2	-54	1449
56.2	-54	1449
56.2	-54	1449
56.1	-54	1448
56.1	-54	1448
56.1	-54	1448
56.1	-54	1448
56.2	-54	1449
56.2	-54	1449
56.2	-54	1449
56.2	-54	1449
56.2	-54	1449
55.8	-54	1449
55.8	-54	1449
55.8	-54	1449
55.8	-54	1449
55.8	-54	1449
56.0	-54	1449
56.0	-54	1449
56.0	-54	1449
56.0	-54	1449
56.1	-54	1449
56.1	-54	1449
56.1	-54	1449
56.1	-54	1449
56.2	-54	1448
56.2	-54	1448
56.2	-54	1448
56.2	-54	1448
56.2	-54	1448
56.2	-54	1449
56.2	-54	1449
56.2	-54	1449
56.2	-54	1449
56.2	-54	1449
55.7	-54	1449
55.7	-54	1449
55.7	-54	1449
55.7	-54	1449
56.0	-54	1449
56.0	-54	1449
56.0	-54	1449
56.0	-54	1449
56.0	-54	1449
55.8	-54	1448
55.8	-54	1448
55.8	-54	1448
55.8	-54	1448
56.0	-54	1449
56.0	-54	1449
56.0	-54	1449
56.0	-54	1449
56.0	-54	1449
55.8	-54	1448
55.8	-54	1448
55.8	-54	1448
55.8	-54	1448
55.9	-54	1449
55.9	-54	1449
55.9	-54	1449
55.9	-54	1449
55.9	-54	1449
55.6	-54	1449
55.6	-54	1449
55.6	-54	1449
55.6	-54	1449
55.6	-54	1449
55.5	-54	1449
55.5	-54	1449
55.5	-54	1449
55.5	-54	1449
55.6	-54	1448
55.6	-54	1448
55.6	-54	1448
55.6	-54	1448
55.6	-54	1448
55.8	-54	1448
55.8	-54	1448
55.8	-54	1448
55.8	-54	1448
55.6	-54	1448
55.6	-54	1448
55.6	-54	1448
55.6	-54	1448
55.7	-54	1448
55.7	-54	1448
55.7	-54	1448
55.7	-54	1448
55.7	-54	1448
55.6	-54	1449
55.6	-54	1449
55.6	-54	1449
55.6	-54	1449
55.6	-54	1449
55.2	-54	1449
55.2	-54	1449
55.2	-54	1449
55.2	-54	1449
55.2	-54	1449
55.2	-54	1449
55.2	-54	1449
55.2	-54	1449
55.2	-54	1449
55.3	-54	1448
55.3	-54	1448
55.3	-54	1448
55.3	-54	1448
55.3	-54	1448
55.1	-55	1448
55.1	-55	1448
55.1	-55	1448
55.1	-55	1448
55.1	-55	1448
54.9	-55	1447
54.9	-55	1447
54.9	-55	1447
54.9	-55	1447
54.9	-55	1447
55.1	-55	1448
55.1	-55	1448
55.1	-55	1448
55.1	-55	1448
55.1	-55	1448
55.2	-55	1448
55.2	-55	1448
55.2	-55	1448
55.2	-55	1448
55.0	-55	1448
55.0	-55	1448
55.0	-55	1448
55.0	-55	1448
55.0	-55	1448
55.0	-55	1448
55.0	-55	1448
55.0	-55	1448
55.0	-55	1448
55.0	-55	1448
55.0	-55	1448
55.0	-55	1448
55.0	-55	1448
55.0	-55	1448
54.9	-55	1448
54.9	-55	1448
54.9	-55	1448
54.9	-55	1448
54.9	-55	1448
54.8	-55	1448
54.8	-55	1448
54.8	-55	1448
54.8	-55	1448
54.8	-55	1448
55.0	-55	1448
55.0	-55	1448
55.0	-55	1448
55.0	-55	1448
55.0	-55	1448
54.7	-55	1447
54.7	-55	1447
54.7	-55	1447
54.7	-55	1447
54.8	-55	1448
54.8	-55	1448
54.8	-55	1448
54.8	-55	1448
54.8	-55	1448
54.6	-55	1448
54.6	-55	1448
54.6	-55	1448
54.6	-55	1448
54.6	-55	1448
54.7	-55	1447
54.7	-55	1447
54.7	-55	1447
54.7	-55	1447
54.4	-55	1448
54.4	-55	1448
54.4	-55	1448
54.4	-55	1448
54.5	-55	1447
54.5	-55	1447
54.5	-55	1447
54.5	-55	1447
54.5	-55	1447
54.3	-55	1447
54.3	-55	1447
54.3	-55	1447
54.3	-55	1447
54.6	-55	1447
54.6	-55	1447
54.6	-55	1447
54.6	-55	1447
54.6	-55	1447
54.5	-55	1447
54.5	-55	1447
54.5	-55	1447
54.5	-55	1447
54.5	-55	1447
54.5	-55	1447
54.5	-55	1447
54.5	-55	1447
54.5	-55	1447
54.3	-55	1448
54.3	-55	1448
54.3	-55	1448
54.3	-55	1448
54.3	-55	1448
54.2	-55	1446
54.2	-55	1446
54.2	-55	1446
54.2	-55	1446
54.2	-55	1446
54.3	-55	1447
54.3	-55	1447
54.3	-55	1447
54.3	-55	1447
54.2	-55	1446
54.2	-55	1446
54.2	-55	1446
54.2	-55	1446
54.2	-55	1446
54.1	-55	1446
54.1	-55	1446
54.1	-55	1446
54.1	-55	1446
54.1	-55	1446
54.0	-55	1447
54.0	-55	1447
54.0	-55	1447
54.0	-55	1447
54.2	-55	1448
54.2	-55	1448
54.2	-55	1448
54.2	-55	1448
54.2	-55	1448
53.8	-55	1446
53.8	-55	1446
53.8	-55	1446
53.8	-55	1446
54.0	-55	1447
54.0	-55	1447
54.0	-55	1447
54.0	-55	1447
54.0	-55	1447
53.8	-55	1447
53.8	-55	1447
53.8	-55	1447
53.8	-55	1447
53.8	-55	1447
54.0	-55	1447
54.0	-55	1447
54.0	-55	1447
54.0	-55	1447
54.0	-55	1447
54.1	-55	1446
54.1	-55	1446
54.1	-55	1446
54.1	-55	1446
54.0	-55	1446
54.0	-55	1446
54.0	-55	1446
54.0	-55	1446
54.0	-55	1446
53.6	-55	1447
53.6	-55	1447
53.6	-55	1447
53.6	-55	1447
53.9	-55	1446
53.9	-55	1446
53.9	-55	1446
53.9	-55	1446
53.9	-55	1446
53.5	-55	1446
53.5	-55	1446
53.5	-55	1446
53.5	-55	1446
53.5	-55	1446
53.4	-55	1447
53.4	-55	1447
53.4	-55	1447
53.4	-55	1447
53.7	-55	1445
53.7	-55	1445
53.7	-55	1445
53.7	-55	1445
53.7	-55	1445
53.6	-55	1446
53.6	-55	1446
53.6	-55	1446
53.6	-55	1446
53.6	-55	1446
53.6	-55	1445
53.6	-55	1445
53.6	-55	1445
53.6	-55	1445
53.4	-55	1446
53.4	-55	1446
53.4	-55	1446
53.4	-55	1446
53.4	-55	1446
53.3	-55	1446
53.3	-55	1446
53.3	-55	1446
53.3	-55	1446
53.2	-55	1446
53.2	-55	1446
53.2	-55	1446
53.2	-55	1446
53.2	-55	1446
53.6	-55	1445
53.6	-55	1445
53.6	-55	1445
53.6	-55	1445
53.6	-55	1445
53.6	-55	1446
53.6	-55	1446
53.6	-55	1446
53.6	-55	1446
53.0	-55	1446
53.0	-55	1446
53.0	-55	1446
53.0	-55	1446
53.0	-55	1446
53.3	-55	1445
53.3	-55	1445
53.3	-55	1445
53.3	-55	1445
53.3	-55	1445
53.3	-55	1445
53.3	-55	1445
53.3	-55	1445
53.3	-55	1445
53.0	-55	1446
53.0	-55	1446
53.0	-55	1446
53.0	-55	1446
53.0	-55	1446
53.4	-55	1445
53.4	-55	1445
53.4	-55	1445
53.4	-55	1445
53.2	-55	1445
53.2	-55	1445
53.2	-55	1445
53.2	-55	1445
52.9	-55	1446
52.9	-55	1446
52.9	-55	1446
52.9	-55	1446
52.9	-55	1446
53.3	-55	1445
53.3	-55	1445
53.3	-55	1445
53.3	-55	1445
53.3	-55	1445
52.8	-55	1445
52.8	-55	1445
52.8	-55	1445
52.8	-55	1445
52.8	-55	1445
52.8	-55	1445
52.8	-55	1445
52.8	-55	1445
52.8	-55	1445
53.2	-55	1445
53.2	-55	1445
53.2	-55	1445
53.2	-55	1445
53.2	-55	1445
53.0	-55	1444
53.0	-55	1444
53.0	-55	1444
53.0	-55	1444
53.3	-55	1443
53.3	-55	1443
53.3	-55	1443
53.3	-55	1443
53.3	-55	1443
52.5	-55	1446
52.5	-55	1446
52.5	-55	1446
52.5	-55	1446
52.5	-55	1446
52.6	-55	1443
52.6	-55	1443
52.6	-55	1443
52.6	-55	1443
52.6	-55	1443
52.4	-55	1445
52.4	-55	1445
52.4	-55	1445
52.4	-55	1445
52.7	-55	1445
52.7	-55	1445
52.7	-55	1445
52.7	-55	1445
52.7	-55	1445
52.9	-55	1445
52.9	-55	1445
52.9	-55	1445
52.9	-55	1445
52.9	-55	1445
52.4	-55	1443
52.4	-55	1443
52.4	-55	1443
52.4	-55	1443
52.4	-55	1443
52.7	-55	1444
52.7	-55	1444
52.7	-55	1444
52.7	-55	1444
52.4	-55	1444
52.4	-55	1444
52.4	-55	1444
52.4	-55	1444
52.4	-55	1444
52.7	-55	1444
52.7	-55	1444
52.7	-55	1444
52.7	-55	1444
52.7	-55	1444
52.8	-55	1443
52.8	-55	1443
52.8	-55	1443
52.8	-55	1443
52.3	-55	1444
52.3	-55	1444
52.3	-55	1444
52.3	-55	1444
52.4	-55	1444
52.4	-55	1444
52.4	-55	1444
52.4	-55	1444
52.4	-55	1444
52.2	-55	1444
52.2	-55	1444
52.2	-55	1444
52.2	-55	1444
52.2	-55	1444
52.6	-55	1443
52.6	-55	1443
52.6	-55	1443
52.6	-55	1443
52.6	-55	1443
52.5	-55	1442
52.5	-55	1442
52.5	-55	1442
52.5	-55	1442
52.2	-55	1443
52.2	-55	1443
52.2	-55	1443
52.2	-55	1443
52.2	-55	1443
52.1	-55	1443
52.1	-55	1443
52.1	-55	1443
52.1	-55	1443
52.1	-55	1443
52.5	-55	1443
52.5	-55	1443
52.5	-55	1443
52.5	-55	1443
51.9	-55	1443
51.9	-55	1443
51.9	-55	1443
51.9	-55	1443
51.9	-55	1443
52.2	-55	1444
52.2	-55	1444
52.2	-55	1444
52.2	-55	1444
52.2	-55	1444
51.9	-55	1443
51.9	-55	1443
51.9	-55	1443
51.9	-55	1443
52.0	-55	1443
52.0	-55	1443
52.0	-55	1443
52.0	-55	1443
52.0	-55	1443
52.2	-55	1442
52.2	-55	1442
52.2	-55	1442
52.2	-55	1442
52.0	-55	1442
52.0	-55	1442
52.0	-55	1442
52.0	-55	1442
52.0	-55	1442
51.8	-56	1443
51.8	-56	1443
51.8	-56	1443
51.8	-56	1443
51.8	-56	1443
51.7	-55	1442
51.7	-55	1442
51.7	-55	1442
51.7	-55	1442
51.9	-56	1442
51.9	-56	1442
51.9	-56	1442
51.9	-56	1442
51.9	-56	1442
52.0	-55	1442
52.0	-55	1442
52.0	-55	1442
52.0	-55	1442
51.8	-56	1442
51.8	-56	1442
51.8	-56	1442
51.8	-56	1442
51.7	-56	1441
51.7	-56	1441
51.7	-56	1441
51.7	-56	1441
51.7	-56	1441
51.6	-56	1442
51.6	-56	1442
51.6	-56	1442
51.6	-56	1442
51.6	-56	1442
51.7	-56	1442
51.7	-56	1442
51.7	-56	1442
51.7	-56	1442
51.7	-56	1441
51.7	-56	1441
51.7	-56	1441
51.7	-56	1441
51.7	-56	1441
51.8	-56	1442
51.8	-56	1442
51.8	-56	1442
51.8	-56	1442
51.5	-56	1442
51.5	-56	1442
51.5	-56	1442
51.5	-56	1442
51.5	-56	1441
51.5	-56	1441
51.5	-56	1441
51.5	-56	1441
51.5	-56	1441
51.7	-56	1441
51.7	-56	1441
51.7	-56	1441
51.7	-56	1441
51.4	-56	1442
51.4	-56	1442
51.4	-56	1442
51.4	-56	1442
51.4	-56	1442
51.3	-56	1441
51.3	-56	1441
51.3	-56	1441
51.3	-56	1441
51.3	-56	1441
51.2	-56	1441
51.2	-56	1441
51.2	-56	1441
51.2	-56	1441
51.2	-56	1442
51.2	-56	1442
51.2	-56	1442
51.2	-56	1442
51.3	-56	1440
51.3	-56	1440
51.3	-56	1440
51.3	-56	1440
51.3	-56	1440
51.3	-56	1441
51.3	-56	1441
51.3	-56	1441
51.3	-56	1441
51.3	-56	1441
51.2	-56	1441
51.2	-56	1441
51.2	-56	1441
51.2	-56	1441
51.2	-56	1441
51.3	-56	1441
51.3	-56	1441
51.3	-56	1441
51.3	-56	1441
51.1	-56	1440
51.1	-56	1440
51.1	-56	1440
51.1	-56	1440
51.1	-56	1440
51.3	-56	1441
51.3	-56	1441
51.3	-56	1441
51.3	-56	1441
51.0	-56	1440
51.0	-56	1440
51.0	-56	1440
51.0	-56	1440
51.0	-56	1440
51.2	-56	1440
51.2	-56	1440
51.2	-56	1440
51.2	-56	1440
50.9	-56	1441
50.9	-56	1441
50.9	-56	1441
50.9	-56	1441
50.9	-56	1441
50.9	-56	1440
50.9	-56	1440
50.9	-56	1440
50.9	-56	1440
50.9	-56	1440
51.1	-56	1440
51.1	-56	1440
51.1	-56	1440
51.1	-56	1440
51.1	-56	1440
51.0	-56	1439
51.0	-56	1439
51.0	-56	1439
51.0	-56	1439
50.9	-56	1439
50.9	-56	1439
50.9	-56	1439
50.9	-56	1439
50.9	-56	1439
50.9	-56	1440
50.9	-56	1440
50.9	-56	1440
50.9	-56	1440
50.9	-56	1440
50.9	-56	1439
50.9	-56	1439
50.9	-56	1439
50.9	-56	1439
50.8	-56	1439
50.8	-56	1439
50.8	-56	1439
50.8	-56	1439
50.6	-56	1440
50.6	-56	1440
50.6	-56	1440
50.6	-56	1440
50.6	-56	1440
50.6	-56	1439
50.6	-56	1439
50.6	-56	1439
50.6	-56	1439
50.9	-56	1440
50.9	-56	1440
50.9	-56	1440
50.9	-56	1440
50.9	-56	1440
50.6	-56	1439
50.6	-56	1439
50.6	-56	1439
50.6	-56	1439
50.6	-56	1439
50.3	-56	1439
50.3	-56	1439
50.3	-56	1439
50.3	-56	1439
50.3	-56	1439
50.3	-56	1439
50.3	-56	1439
50.3	-56	1439
50.3	-56	1439
50.9	-56	1439
50.9	-56	1439
50.9	-56	1439
50.9	-56	1439
50.9	-56	1439
50.4	-56	1438
50.4	-56	1438
50.4	-56	1438
50.4	-56	1438
50.3	-56	1439
50.3	-56	1439
50.3	-56	1439
50.3	-56	1439
50.3	-56	1439
50.6	-56	1438
50.6	-56	1438
50.6	-56	1438
50.6	-56	1438
50.6	-56	1438
50.3	-56	1439
50.3	-56	1439
50.3	-56	1439
50.3	-56	1439
50.3	-56	1439
49.9	-56	1438
49.9	-56	1438
49.9	-56	1438
49.9	-56	1438
50.3	-56	1438
50.3	-56	1438
50.3	-56	1438
50.3	-56	1438
50.3	-56	1438
50.6	-56	1438
50.6	-56	1438
50.6	-56	1438
50.6	-56	1438
50.6	-56	1438
50.6	-56	1438
50.6	-56	1438
50.6	-56	1438
50.6	-56	1438
50.4	-56	1439
50.4	-56	1439
50.4	-56	1439
50.4	-56	1439
50.4	-56	1439
50.1	-56	1438
50.1	-56	1438
50.1	-56	1438
50.1	-56	1438
50.1	-56	1438
50.1	-56	1438
50.1	-56	1438
50.1	-56	1438
50.1	-56	1438
49.7	-56	1437
49.7	-56	1437
49.7	-56	1437
49.7	-56	1437
49.8	-56	1437
49.8	-56	1437
49.8	-56	1437
49.8	-56	1437
49.9	-56	1437
49.9	-56	1437
49.9	-56	1437
49.9	-56	1437
49.9	-56	1437
49.7	-56	1437
49.7	-56	1437
49.7	-56	1437
49.7	-56	1437
49.8	-56	1437
49.8	-56	1437
49.8	-56	1437
49.8	-56	1437
49.8	-56	1437
49.7	-56	1438
49.7	-56	1438
49.7	-56	1438
49.7	-56	1438
49.7	-56	1438
50.0	-56	1438
50.0	-56	1438
50.0	-56	1438
50.0	-56	1438
49.8	-56	1437
49.8	-56	1437
49.8	-56	1437
49.8	-56	1437
49.8	-56	1437
49.6	-56	1436
49.6	-56	1436
49.6	-56	1436
49.6	-56	1436
49.6	-56	1436
49.4	-56	1437
49.4	-56	1437
49.4	-56	1437
49.4	-56	1437
49.4	-56	1437
49.9	-56	1437
49.9	-56	1437
49.9	-56	1437
49.9	-56	1437
49.9	-56	1437
49.9	-56	1436
49.9	-56	1436
49.9	-56	1436
49.9	-56	1436
49.9	-56	1436
49.9	-56	1436
49.9	-56	1436
49.9	-56	1436
49.9	-56	1436
49.8	-56	1437
49.8	-56	1437
49.8	-56	1437
49.8	-56	1437
49.8	-56	1436
49.8	-56	1436
49.8	-56	1436
49.8	-56	1436
49.8	-56	1436
49.5	-56	1436
49.5	-56	1436
49.5	-56	1436
49.5	-56	1436
49.5	-56	1436
49.6	-56	1436
49.6	-56	1436
49.6	-56	1436
49.6	-56	1436
49.4	-56	1436
49.4	-56	1436
49.4	-56	1436
49.4	-56	1436
49.4	-56	1436
49.8	-56	1436
49.8	-56	1436
49.8	-56	1436
49.8	-56	1436
49.6	-56	1436
49.6	-56	1436
49.6	-56	1436
49.6	-56	1436
49.6	-56	1436
49.3	-56	1436
49.3	-56	1436
49.3	-56	1436
49.3	-56	1436
49.3	-56	1436
49.4	-56	1436
49.4	-56	1436
49.4	-56	1436
49.4	-56	1436
49.6	-56	1434
49.6	-56	1434
49.6	-56	1434
49.6	-56	1434
49.6	-56	1434
49.7	-56	1435
49.7	-56	1435
49.7	-56	1435
49.7	-56	1435
49.7	-56	1435
49.5	-56	1435
49.5	-56	1435
49.5	-56	1435
49.5	-56	1435
49.1	-56	1435
49.1	-56	1435
49.1	-56	1435
49.1	-56	1435
49.1	-56	1435
49.1	-56	1436
49.1	-56	1436
49.1	-56	1436
49.1	-56	1436
49.3	-56	1434
49.3	-56	1434
49.3	-56	1434
49.3	-56	1434
49.3	-56	1434
49.2	-56	1434
49.2	-56	1434
49.2	-56	1434
49.2	-56	1434
49.2	-56	1434
49.0	-56	1435
49.0	-56	1435
49.0	-56	1435
49.0	-56	1435
48.9	-56	1435
48.9	-56	1435
48.9	-56	1435
48.9	-56	1435
48.8	-56	1434
48.8	-56	1434
48.8	-56	1434
48.8	-56	1434
48.8	-56	1434
48.9	-56	1434
48.9	-56	1434
48.9	-56	1434
48.9	-56	1434
48.9	-56	1434
48.8	-56	1434
48.8	-56	1434
48.8	-56	1434
48.8	-56	1434
48.8	-56	1434
48.8	-56	1435
48.8	-56	1435
48.8	-56	1435
48.8	-56	1435
48.7	-56	1434
48.7	-56	1434
48.7	-56	1434
48.7	-56	1434
48.8	-56	1435
48.8	-56	1435
48.8	-56	1435
48.8	-56	1435
48.8	-56	1435
48.8	-56	1434
48.8	-56	1434
48.8	-56	1434
48.8	-56	1434
49.1	-56	1434
49.1	-56	1434
49.1	-56	1434
49.1	-56	1434
49.1	-56	1434
48.9	-56	1434
48.9	-56	1434
48.9	-56	1434
48.9	-56	1434
48.9	-56	1434
48.7	-56	1433
48.7	-56	1433
48.7	-56	1433
48.7	-56	1433
48.3	-56	1434
48.3	-56	1434
48.3	-56	1434
48.3	-56	1434
48.3	-56	1434
48.5	-56	1433
48.5	-56	1433
48.5	-56	1433
48.5	-56	1433
48.5	-56	1433
48.7	-56	1433
48.7	-56	1433
48.7	-56	1433
48.7	-56	1433
48.7	-56	1433
48.5	-56	1433
48.5	-56	1433
48.5	-56	1433
48.5	-56	1433
48.6	-56	1432
48.6	-56	1432
48.6	-56	1432
48.6	-56	1432
48.6	-56	1432
48.5	-56	1433
48.5	-56	1433
48.5	-56	1433
48.5	-56	1433
48.4	-56	1433
48.4	-56	1433
48.4	-56	1433
48.4	-56	1433
48.6	-56	1432
48.6	-56	1432
48.6	-56	1432
48.6	-56	1432
48.6	-56	1432
48.3	-56	1432
48.3	-56	1432
48.3	-56	1432
48.3	-56	1432
48.6	-56	1433
48.6	-56	1433
48.6	-56	1433
48.6	-56	1433
48.6	-56	1433
48.4	-56	1432
48.4	-56	1432
48.4	-56	1432
48.4	-56	1432
48.4	-56	1432
48.3	-56	1432
48.3	-56	1432
48.3	-56	1432
48.3	-56	1432
48.3	-56	1433
48.3	-56	1433
48.3	-56	1433
48.3	-56	1433
48.5	-56	1432
48.5	-56	1432
48.5	-56	1432
48.5	-56	1432
48.5	-56	1432
48.3	-56	1432
48.3	-56	1432
48.3	-56	1432
48.3	-56	1432
48.3	-56	1432
48.1	-56	1432
48.1	-56	1432
48.1	-56	1432
48.1	-56	1432
48.1	-56	1431
48.1	-56	1431
48.1	-56	1431
48.1	-56	1431
48.1	-56	1431
48.3	-56	1431
48.3	-56	1431
48.3	-56	1431
48.3	-56	1431
48.3	-56	1431
48.3	-56	1431
48.3	-56	1431
48.3	-56	1431
48.3	-56	1431
48.3	-56	1431
48.4	-56	1431
48.4	-56	1431
48.4	-56	1431
48.4	-56	1431
48.4	-56	1431
48.0	-56	1431
48.0	-56	1431
48.0	-56	1431
48.0	-56	1431
47.9	-56	1431
47.9	-56	1431
47.9	-56	1431
47.9	-56	1431
47.9	-56	1431
47.9	-56	1430
47.9	-56	1430
47.9	-56	1430
47.9	-56	1430
48.0	-56	1431
48.0	-56	1431
48.0	-56	1431
48.0	-56	1431
48.0	-56	1431
47.8	-56	1430
47.8	-56	1430
47.8	-56	1430
47.8	-56	1430
47.8	-56	1430
47.8	-56	1432
47.8	-56	1432
47.8	-56	1432
47.8	-56	1432
47.7	-56	1431
47.7	-56	1431
47.7	-56	1431
47.7	-56	1431
47.7	-56	1431
47.9	-56	1431
47.9	-56	1431
47.9	-56	1431
47.9	-56	1431
47.9	-56	1431
47.7	-57	1430
47.7	-57	1430
47.7	-57	1430
47.7	-57	1430
47.7	-56	1430
47.7	-56	1430
47.7	-56	1430
47.7	-56	1430
47.7	-56	1430
47.8	-56	1429
47.8	-56	1429
47.8	-56	1429
47.8	-56	1429
47.6	-56	1431
47.6	-56	1431
47.6	-56	1431
47.6	-56	1431
47.6	-56	1431
47.5	-56	1429
47.5	-56	1429
47.5	-56	1429
47.5	-56	1429
47.5	-56	1429
47.5	-57	1429
47.5	-57	1429
47.5	-57	1429
47.5	-57	1429
47.5	-56	1429
47.5	-56	1429
47.5	-56	1429
47.5	-56	1429
47.5	-56	1429
47.5	-56	1429
47.5	-56	1429
47.5	-56	1429
47.5	-56	1429
47.6	-56	1429
47.6	-56	1429
47.6	-56	1429
47.6	-56	1429
47.6	-56	1429
47.6	-57	1429
47.6	-57	1429
47.6	-57	1429
47.6	-57	1429
47.4	-56	1430
47.4	-56	1430
47.4	-56	1430
47.4	-56	1430
47.3	-57	1428
47.3	-57	1428
47.3	-57	1428
47.3	-57	1428
47.3	-57	1428
47.3	-57	1428
47.6	-56	1429
47.6	-56	1429
47.6	-56	1429
47.6	-56	1429
47.6	-57	1429
47.6	-57	1429
47.6	-57	1429
47.6	-57	1429
47.6	-57	1429
47.5	-57	1428
47.5	-57	1428
47.5	-57	1428
47.5	-57	1428
47.3	-57	1429
47.3	-57	1429
47.3	-57	1429
47.3	-57	1429
47.3	-57	1429
47.3	-57	1429
47.3	-57	1429
47.3	-57	1429
47.3	-57	1429
47.3	-57	1429
47.2	-57	1429
47.2	-57	1429
47.2	-57	1429
47.2	-57	1429
47.4	-57	1428
47.4	-57	1428
47.4	-57	1428
47.4	-57	1428
47.4	-57	1428
47.4	-57	1428
47.4	-57	1428
47.4	-57	1428
47.4	-57	1428
47.4	-57	1428
47.3	-57	1428
47.3	-57	1428
47.3	-57	1428
47.3	-57	1428
47.0	-57	1427
47.0	-57	1427
47.0	-57	1427
47.0	-57	1427
47.0	-57	1427
47.3	-57	1428
47.3	-57	1428
47.3	-57	1428
47.3	-57	1428
46.9	-57	1428
46.9	-57	1428
46.9	-57	1428
46.9	-57	1428
46.9	-57	1428
47.0	-57	1427
47.0	-57	1427
47.0	-57	1427
47.0	-57	1427
47.0	-57	1427
47.2	-57	1428
47.2	-57	1428
47.2	-57	1428
47.2	-57	1428
47.2	-57	1428
47.1	-57	1427
47.1	-57	1427
47.1	-57	1427
47.1	-57	1427
46.9	-57	1427
46.9	-57	1427
46.9	-57	1427
46.9	-57	1427
46.9	-57	1426
46.9	-57	1426
46.9	-57	1426
46.9	-57	1426
46.9	-57	1426
47.2	-57	1427
47.2	-57	1427
47.2	-57	1427
47.2	-57	1427
47.2	-57	1427
46.6	-57	1427
46.6	-57	1427
46.6	-57	1427
46.6	-57	1427
46.8	-57	1427
46.8	-57	1427
46.8	-57	1427
46.8	-57	1427
46.8	-57	1427
46.6	-57	1427
46.6	-57	1427
46.6	-57	1427
46.6	-57	1427
47.0	-57	1426
47.0	-57	1426
47.0	-57	1426
47.0	-57	1426
47.0	-57	1426
47.0	-57	1427
47.0	-57	1427
47.0	-57	1427
47.0	-57	1427
46.9	-57	1426
46.9	-57	1426
46.9	-57	1426
46.9	-57	1426
46.9	-57	1426
46.7	-57	1426
46.7	-57	1426
46.7	-57	1426
46.7	-57	1426
46.7	-57	1426
46.5	-57	1426
46.5	-57	1426
46.5	-57	1426
46.5	-57	1426
46.3	-57	1426
46.3	-57	1426
46.3	-57	1426
46.3	-57	1426
46.3	-57	1426
46.9	-57	1426
46.9	-57	1426
46.9	-57	1426
46.9	-57	1426
46.9	-57	1426
46.9	-57	1425
46.9	-57	1425
46.9	-57	1425
46.9	-57	1425
46.8	-57	1426
46.8	-57	1426
46.8	-57	1426
46.8	-57	1426
46.8	-57	1426
46.9	-57	1425
46.9	-57	1425
46.9	-57	1425
46.9	-57	1425
46.9	-57	1425
46.7	-57	1425
46.7	-57	1425
46.7	-57	1425
46.7	-57	1425
46.7	-57	1425
46.2	-57	1425
46.2	-57	1425
46.2	-57	1425
46.2	-57	1425
46.5	-57	1425
46.5	-57	1425
46.5	-57	1425
46.5	-57	1425
46.5	-57	1425
46.2	-57	1425
46.2	-57	1425
46.2	-57	1425
46.2	-57	1425
46.3	-57	1424
46.3	-57	1424
46.3	-57	1424
46.3	-57	1424
46.3	-57	1424
46.3	-57	1424
46.3	-57	1424
46.3	-57	1424
46.3	-57	1424
46.3	-57	1424
46.1	-57	1424
46.1	-57	1424
46.1	-57	1424
46.1	-57	1424
46.2	-57	1424
46.2	-57	1424
46.2	-57	1424
46.2	-57	1424
46.2	-57	1424
46.1	-57	1425
46.1	-57	1425
46.1	-57	1425
46.1	-57	1425
46.1	-57	1424
46.1	-57	1424
46.1	-57	1424
46.1	-57	1424
46.1	-57	1424
46.0	-57	1424
46.0	-57	1424
46.0	-57	1424
46.0	-57	1424
46.2	-57	1425
46.2	-57	1425
46.2	-57	1425
46.2	-57	1425
46.2	-57	1425
46.3	-57	1424
46.3	-57	1424
46.3	-57	1424
46.3	-57	1424
46.3	-57	1424
46.4	-57	1424
46.4	-57	1424
46.4	-57	1424
46.4	-57	1424
46.5	-57	1423
46.5	-57	1423
46.5	-57	1423
46.5	-57	1423
46.5	-57	1423
46.0	-57	1423
46.0	-57	1423
46.0	-57	1423
46.0	-57	1423
46.2	-57	1423
46.2	-57	1423
46.2	-57	1423
46.2	-57	1423
46.2	-57	1423
46.3	-57	1423
46.3	-57	1423
46.3	-57	1423
46.3	-57	1423
46.3	-57	1423
46.0	-57	1424
46.0	-57	1424
46.0	-57	1424
46.0	-57	1424
45.9	-57	1423
45.9	-57	1423
45.9	-57	1423
45.9	-57	1423
45.9	-57	1423
45.7	-57	1424
45.7	-57	1424
45.7	-57	1424
45.7	-57	1424
46.3	-57	1422
46.3	-57	1422
46.3	-57	1422
46.3	-57	1422
46.3	-57	1422
45.9	-57	1422
45.9	-57	1422
45.9	-57	1422
45.9	-57	1422
46.2	-57	1423
46.2	-57	1423
46.2	-57	1423
46.2	-57	1423
46.2	-57	1423
45.7	-57	1423
45.7	-57	1423
45.7	-57	1423
45.7	-57	1423
46.3	-57	1423
46.3	-57	1423
46.3	-57	1423
46.3	-57	1423
46.3	-57	1423
45.6	-57	1423
45.6	-57	1423
45.6	-57	1423
45.6	-57	1423
45.5	-57	1422
45.5	-57	1422
45.5	-57	1422
45.5	-57	1422
45.5	-57	1422
46.0	-57	1421
46.0	-57	1421
46.0	-57	1421
46.0	-57	1421
46.0	-57	1421
45.5	-57	1422
45.5	-57	1422
45.5	-57	1422
45.5	-57	1422
45.5	-57	1422
45.7	-57	1422
45.7	-57	1422
45.7	-57	1422
45.7	-57	1422
46.1	-57	1421
46.1	-57	1421
46.1	-57	1421
46.1	-57	1421
46.1	-57	1421
45.8	-57	1422
45.8	-57	1422
45.8	-57	1422
45.8	-57	1422
45.8	-57	1422
45.4	-57	1422
45.4	-57	1422
45.4	-57	1422
45.4	-57	1422
45.5	-57	1422
45.5	-57	1422
45.5	-57	1422
45.5	-57	1422
45.5	-57	1422
45.5	-57	1421
45.5	-57	1421
45.5	-57	1421
45.5	-57	1421
45.5	-57	1421
45.7	-57	1421
45.7	-57	1421
45.7	-57	1421
45.7	-57	1421
45.4	-57	1421
45.4	-57	1421
45.4	-57	1421
45.4	-57	1421
45.3	-57	1422
45.3	-57	1422
45.3	-57	1422
45.3	-57	1422
45.3	-57	1422
45.3	-57	1422
45.3	-57	1422
45.3	-57	1422
45.3	-57	1422
45.3	-57	1422
45.4	-57	1421
45.4	-57	1421
45.4	-57	1421
45.4	-57	1421
45.3	-57	1420
45.3	-57	1420
45.3	-57	1420
45.3	-57	1420
45.3	-57	1420
45.5	-57	1421
45.5	-57	1421
45.5	-57	1421
45.5	-57	1421
45.5	-57	1421
45.3	-57	1421
45.3	-57	1421
45.3	-57	1421
45.3	-57	1421
45.3	-57	1421
45.4	-57	1420
45.4	-57	1420
45.4	-57	1420
45.4	-57	1420
45.4	-57	1420
45.4	-57	1420
45.4	-57	1420
45.4	-57	1420
45.4	-57	1420
45.1	-57	1421
45.1	-57	1421
45.1	-57	1421
45.1	-57	1421
45.1	-57	1421
45.3	-57	1420
45.3	-57	1420
45.3	-57	1420
45.3	-57	1420
45.3	-57	1420
45.2	-57	1420
45.2	-57	1420
45.2	-57	1420
45.2	-57	1420
45.2	-57	1420
45.2	-57	1420
45.2	-57	1420
45.2	-57	1420
45.3	-57	1420
45.3	-57	1420
45.3	-57	1420
45.3	-57	1420
45.3	-57	1420
45.2	-57	1419
45.2	-57	1419
45.2	-57	1419
45.2	-57	1419
45.2	-57	1419
45.2	-57	1420
45.2	-57	1420
45.2	-57	1420
45.2	-57	1420
45.2	-57	1420
45.2	-57	1419
45.2	-57	1419
45.2	-57	1419
45.2	-57	1419
45.2	-57	1419
45.2	-57	1419
45.2	-57	1419
45.2	-57	1419
45.2	-57	1419
44.8	-57	1419
44.8	-57	1419
44.8	-57	1419
44.8	-57	1419
44.9	-57	1419
44.9	-57	1419
44.9	-57	1419
44.9	-57	1419
44.9	-57	1419
44.9	-57	1419
44.9	-57	1419
44.9	-57	1419
44.9	-57	1419
44.9	-57	1419
44.9	-57	1419
44.9	-57	1419
44.9	-57	1419
44.9	-57	1419
44.9	-57	1419
45.0	-57	1418
45.0	-57	1418
45.0	-57	1418
45.0	-57	1418
44.9	-57	1418
44.9	-57	1418
44.9	-57	1418
44.9	-57	1418
44.9	-57	1418
44.8	-57	1419
44.8	-57	1419
44.8	-57	1419
44.8	-57	1419
44.9	-57	1418
44.9	-57	1418
44.9	-57	1418
44.9	-57	1418
44.9	-57	1418
44.9	-57	1418
44.9	-57	1418
44.9	-57	1418
44.9	-57	1418
44.9	-57	1418
44.8	-57	1417
44.8	-57	1417
44.8	-57	1417
44.8	-57	1417
44.6	-57	1418
44.6	-57	1418
44.6	-57	1418
44.6	-57	1418
44.6	-57	1418
44.6	-57	1418
44.6	-57	1418
44.6	-57	1418
44.6	-57	1418
44.6	-57	1417
44.6	-57	1417
44.6	-57	1417
44.6	-57	1417
44.5	-57	1417
44.5	-57	1417
44.5	-57	1417
44.5	-57	1417
44.5	-57	1417
44.7	-57	1418
44.7	-57	1418
44.7	-57	1418
44.7	-57	1418
44.7	-57	1418
44.6	-57	1417
44.6	-57	1417
44.6	-57	1417
44.6	-57	1417
44.5	-57	1417
44.5	-57	1417
44.5	-57	1417
44.5	-57	1417
44.7	-57	1417
44.7	-57	1417
44.7	-57	1417
44.7	-57	1417
44.7	-57	1417
44.4	-57	1417
44.4	-57	1417
44.4	-57	1417
44.4	-57	1417
44.4	-57	1417
44.4	-57	1417
44.4	-57	1417
44.4	-57	1417
44.4	-57	1417
44.6	-57	1417
44.6	-57	1417
44.6	-57	1417
44.6	-57	1417
44.6	-57	1417
44.4	-57	1417
44.4	-57	1417
44.4	-57	1417
44.4	-57	1417
44.4	-57	1417
44.4	-57	1417
44.4	-57	1417
44.4	-57	1417
44.4	-57	1417
44.8	-57	1416
44.8	-57	1416
44.8	-57	1416
44.8	-57	1416
44.8	-57	1416
44.6	-57	1416
44.6	-57	1416
44.6	-57	1416
44.6	-57	1416
44.5	-57	1416
44.5	-57	1416
44.5	-57	1416
44.5	-57	1416
44.5	-57	1416
44.6	-57	1415
44.6	-57	1415
44.6	-57	1415
44.6	-57	1415
44.3	-57	1415
44.3	-57	1415
44.3	-57	1415
44.3	-57	1415
44.3	-57	1415
44.6	-57	1415
44.6	-57	1415
44.6	-57	1415
44.6	-57	1415
44.2	-57	1416
44.2	-57	1416
44.2	-57	1416
44.2	-57	1416
44.2	-57	1416
44.2	-57	1415
44.2	-57	1415
44.2	-57	1415
44.2	-57	1415
44.2	-57	1415
44.4	-57	1415
44.4	-57	1415
44.4	-57	1415
44.4	-57	1415
44.4	-57	1415
44.4	-57	1415
44.4	-57	1415
44.4	-57	1415
44.4	-57	1415
44.4	-57	1415
44.4	-57	1415
44.4	-57	1415
44.4	-57	1415
44.4	-57	1415
44.4	-57	1415
44.4	-57	1415
44.4	-57	1415
44.4	-57	1415
44.3	-57	1415
44.3	-57	1415
44.3	-57	1415
44.3	-57	1415
43.8	-57	1415
43.8	-57	1415
43.8	-57	1415
43.8	-57	1415
43.8	-57	1415
44.0	-57	1415
44.0	-57	1415
44.0	-57	1415
44.0	-57	1415
44.0	-57	1415
44.0	-57	1414
44.0	-57	1414
44.0	-57	1414
44.0	-57	1414
44.0	-57	1414
43.8	-57	1415
43.8	-57	1415
43.8	-57	1415
43.8	-57	1415
43.9	-57	1415
43.9	-57	1415
43.9	-57	1415
43.9	-57	1415
43.9	-57	1415
44.5	-57	1413
44.5	-57	1413
44.5	-57	1413
44.5	-57	1413
44.3	-57	1414
44.3	-57	1414
44.3	-57	1414
44.3	-57	1414
44.3	-57	1414
44.1	-57	1414
44.1	-57	1414
44.1	-57	1414
44.1	-57	1414
44.1	-57	1414
44.1	-57	1414
44.1	-57	1414
44.1	-57	1414
44.1	-57	1414
44.2	-57	1414
44.2	-57	1414
44.2	-57	1414
44.2	-57	1414
43.3	-57	1414
43.3	-57	1414
43.3	-57	1414
43.3	-57	1414
43.3	-57	1414
43.6	-57	1413
43.6	-57	1413
43.6	-57	1413
43.6	-57	1413
43.6	-57	1413
44.0	-57	1414
44.0	-57	1414
44.0	-57	1414
44.0	-57	1414
44.0	-57	1414
44.2	-57	1413
44.2	-57	1413
44.2	-57	1413
44.2	-57	1413
43.3	-57	1414
43.3	-57	1414
43.3	-57	1414
43.3	-57	1414
43.3	-57	1414
44.3	-57	1413
44.3	-57	1413
44.3	-57	1413
44.3	-57	1413
43.6	-57	1413
43.6	-57	1413
43.6	-57	1413
43.6	-57	1413
44.2	-57	1413
44.2	-57	1413
44.2	-57	1413
44.2	-57	1413
44.2	-57	1413
43.6	-57	1413
43.6	-57	1413
43.6	-57	1413
43.6	-57	1413
44.1	-57	1412
44.1	-57	1412
44.1	-57	1412
44.1	-57	1412
44.1	-57	1412
43.6	-57	1412
43.6	-57	1412
43.6	-57	1412
43.6	-57	1412
43.6	-57	1412
43.8	-57	1412
43.8	-57	1412
43.8	-57	1412
43.8	-57	1412
43.6	-57	1411
43.6	-57	1411
43.6	-57	1411
43.6	-57	1411
43.9	-57	1413
43.9	-57	1413
43.9	-57	1413
43.9	-57	1413
43.9	-57	1413
43.9	-57	1412
43.9	-57	1412
43.9	-57	1412
43.9	-57	1412
43.9	-57	1412
43.9	-57	1412
43.9	-57	1412
43.9	-57	1412
43.9	-57	1412
43.9	-57	1412
44.0	-57	1412
44.0	-57	1412
44.0	-57	1412
44.0	-57	1412
43.1	-57	1412
43.1	-57	1412
43.1	-57	1412
43.1	-57	1412
43.1	-57	1412
43.1	-57	1411
43.1	-57	1411
43.1	-57	1411
43.1	-57	1411
43.5	-57	1411
43.5	-57	1411
43.5	-57	1411
43.5	-57	1411
43.5	-57	1411
43.2	-57	1411
43.2	-57	1411
43.2	-57	1411
43.2	-57	1411
43.2	-57	1411
43.6	-57	1412
43.6	-57	1412
43.6	-57	1412
43.6	-57	1412
43.0	-57	1411
43.0	-57	1411
43.0	-57	1411
43.0	-57	1411
43.0	-57	1411
43.6	-57	1411
43.6	-57	1411
43.6	-57	1411
43.6	-57	1411
43.6	-57	1411
43.3	-57	1411
43.3	-57	1411
43.3	-57	1411
43.3	-57	1411
43.1	-57	1411
43.1	-57	1411
43.1	-57	1411
43.1	-57	1411
43.1	-57	1411
43.1	-57	1411
43.1	-57	1411
43.1	-57	1411
43.1	-57	1411
43.3	-57	1409
43.3	-57	1409
43.3	-57	1409
43.3	-57	1409
43.3	-57	1409
43.1	-57	1411
43.1	-57	1411
43.1	-57	1411
43.1	-57	1411
43.1	-57	1411
42.9	-57	1411
42.9	-57	1411
42.9	-57	1411
42.9	-57	1411
43.3	-57	1409
43.3	-57	1409
43.3	-57	1409
43.3	-57	1409
43.3	-57	1409
43.1	-57	1410
43.1	-57	1410
43.1	-57	1410
43.1	-57	1410
43.2	-57	1410
43.2	-57	1410
43.2	-57	1410
43.2	-57	1410
43.2	-57	1410
43.0	-57	1410
43.0	-57	1410
43.0	-57	1410
43.0	-57	1410
43.0	-57	1410
43.4	-57	1410
43.4	-57	1410
43.4	-57	1410
43.4	-57	1410
43.2	-57	1410
43.2	-57	1410
43.2	-57	1410
43.2	-57	1410
42.8	-57	1409
42.8	-57	1409
42.8	-57	1409
42.8	-57	1409
42.8	-57	1409
43.0	-57	1410
43.0	-57	1410
43.0	-57	1410
43.0	-57	1410
42.9	-57	1409
42.9	-57	1409
42.9	-57	1409
42.9	-57	1409
42.9	-57	1409
43.0	-57	1409
43.0	-57	1409
43.0	-57	1409
43.0	-57	1409
43.0	-57	1409
42.7	-57	1410
42.7	-57	1410
42.7	-57	1410
42.7	-57	1410
43.5	-57	1409
43.5	-57	1409
43.5	-57	1409
43.5	-57	1409
43.5	-57	1409
43.0	-57	1409
43.0	-57	1409
43.0	-57	1409
43.0	-57	1409
43.0	-57	1409
42.8	-57	1409
42.8	-57	1409
42.8	-57	1409
42.8	-57	1409
43.1	-57	1408
43.1	-57	1408
43.1	-57	1408
43.1	-57	1408
43.1	-57	1408
43.1	-57	1408
43.0	-57	1409
43.0	-57	1409
43.0	-57	1409
43.0	-57	1409
42.9	-57	1408
42.9	-57	1408
42.9	-57	1408
42.9	-57	1408
42.9	-57	1408
42.7	-57	1409
42.7	-57	1409
42.7	-57	1409
42.7	-57	1409
42.7	-57	1409
43.2	-57	1408
43.2	-57	1408
43.2	-57	1408
43.2	-57	1408
42.5	-57	1408
42.5	-57	1408
42.5	-57	1408
42.5	-57	1408
42.5	-57	1408
42.5	-57	1408
42.5	-57	1408
42.5	-57	1408
42.5	-57	1408
42.5	-57	1408
42.6	-57	1407
42.6	-57	1407
42.6	-57	1407
42.6	-57	1407
42.6	-57	1407
42.6	-57	1407
42.6	-57	1407
42.6	-57	1407
42.8	-57	1408
42.8	-57	1408
42.8	-57	1408
42.8	-57	1408
42.8	-57	1408
42.6	-57	1407
42.6	-57	1407
42.6	-57	1407
42.6	-57	1407
42.6	-57	1407
42.6	-57	1407
42.6	-57	1407
42.6	-57	1407
42.6	-57	1407
42.5	-57	1407
42.5	-57	1407
42.5	-57	1407
42.5	-57	1407
42.5	-57	1407
42.7	-57	1407
42.7	-57	1407
42.7	-57	1407
42.7	-57	1407
42.7	-57	1407
42.4	-57	1407
42.4	-57	1407
42.4	-57	1407
42.4	-57	1407
42.6	-57	1407
42.6	-57	1407
42.6	-57	1407
42.6	-57	1407
42.6	-57	1407
42.6	-57	1407
42.6	-57	1407
42.6	-57	1407
42.6	-57	1407
42.5	-57	1406
42.5	-57	1406
42.5	-57	1406
42.5	-57	1406
42.5	-57	1406
42.5	-57	1407
42.5	-57	1407
42.5	-57	1407
42.5	-57	1407
42.5	-57	1407
42.5	-57	1407
42.5	-57	1407
42.5	-57	1407
42.5	-57	1407
42.5	-57	1406
42.5	-57	1406
42.5	-57	1406
42.5	-57	1406
42.5	-57	1406
42.5	-57	1406
42.5	-57	1406
42.5	-57	1406
42.5	-57	1406
42.4	-57	1407
42.4	-57	1407
42.4	-57	1407
42.4	-57	1407
42.4	-57	1407
42.4	-57	1406
42.4	-57	1406
42.4	-57	1406
42.4	-57	1406
42.2	-57	1407
42.2	-57	1407
42.2	-57	1407
42.2	-57	1407
42.2	-57	1407
42.2	-57	1406
42.2	-57	1406
42.2	-57	1406
42.2	-57	1406
42.2	-57	1406
42.3	-57	1406
42.3	-57	1406
42.3	-57	1406
42.3	-57	1406
42.3	-57	1406
42.2	-57	1405
42.2	-57	1405
42.2	-57	1405
42.2	-57	1405
42.3	-57	1405
42.3	-57	1405
42.3	-57	1405
42.3	-57	1405
42.3	-57	1405
42.2	-57	1406
42.2	-57	1406
42.2	-57	1406
42.2	-57	1406
42.2	-57	1406
41.9	-57	1405
41.9	-57	1405
41.9	-57	1405
41.9	-57	1405
42.3	-57	1406
42.3	-57	1406
42.3	-57	1406
42.3	-57	1406
42.1	-57	1405
42.1	-57	1405
42.1	-57	1405
42.1	-57	1405
42.1	-57	1405
42.0	-57	1406
42.0	-57	1406
42.0	-57	1406
42.0	-57	1406
42.1	-57	1406
42.1	-57	1406
42.1	-57	1406
42.1	-57	1406
42.1	-57	1406
42.1	-57	1405
42.1	-57	1405
42.1	-57	1405
42.1	-57	1405
42.1	-57	1405
41.8	-57	1405
41.8	-57	1405
41.8	-57	1405
41.8	-57	1405
41.8	-57	1405
41.9	-57	1404
41.9	-57	1404
41.9	-57	1404
41.9	-57	1404
41.9	-57	1404
42.0	-57	1404
42.0	-57	1404
42.0	-57	1404
42.0	-57	1404
42.0	-57	1404
42.0	-57	1404
42.0	-57	1404
42.0	-57	1404
42.0	-57	1404
41.9	-57	1404
41.9	-57	1404
41.9	-57	1404
41.9	-57	1404
41.9	-57	1404
41.8	-57	1404
41.8	-57	1404
41.8	-57	1404
41.8	-57	1404
42.0	-57	1404
42.0	-57	1404
42.0	-57	1404
42.0	-57	1404
42.0	-57	1404
41.9	-57	1404
41.9	-57	1404
41.9	-57	1404
41.9	-57	1404
41.9	-57	1404
42.0	-57	1404
42.0	-57	1404
42.0	-57	1404
42.0	-57	1404
41.9	-57	1404
41.9	-57	1404
41.9	-57	1404
41.9	-57	1404
41.9	-57	1404
41.7	-57	1405
