# Press Shift+Enter to add data
# Press Ctrl+S to save

T(°C)	Uh(mV)	Up(mV)
138.9	-3	441
137.4	-3	440
138.9	-3	443
138.9	-3	443
137.9	-3	441
138.7	-3	445
138.7	-3	445
138.5	-3	446
138.6	-3	447
137.6	-3	447
137.3	-3	448
137.0	-3	448
136.5	-3	449
137.2	-3	453
136.9	-3	452
137.0	-3	454
135.8	-3	455
136.4	-3	457
137.0	-3	459
136.4	-3	460
136.8	-3	461
135.0	-3	460
135.7	-3	463
135.3	-3	468
135.3	-3	468
135.3	-3	468
135.3	-3	468
135.3	-3	468
135.3	-3	469
135.3	-3	469
135.3	-3	469
135.3	-3	469
135.3	-3	469
135.8	-3	472
135.8	-3	472
135.8	-3	472
135.8	-3	472
135.8	-3	472
134.8	-3	471
134.8	-3	471
134.8	-3	471
134.8	-3	471
135.1	-3	473
135.1	-3	473
135.1	-3	473
135.1	-3	473
135.1	-3	473
134.6	-3	476
134.6	-3	476
134.6	-3	476
134.6	-3	476
134.6	-3	476
134.7	-3	477
134.7	-3	477
134.7	-3	477
134.7	-3	477
135.0	-3	478
135.0	-3	478
135.0	-3	478
135.0	-3	478
134.5	-3	478
134.5	-3	478
134.5	-3	478
134.5	-3	478
134.5	-3	478
133.7	-3	480
133.7	-3	480
133.7	-3	480
133.7	-3	480
134.5	-3	482
134.5	-3	482
134.4	-3	484
133.5	-3	486
133.6	-3	488
133.8	-3	489
133.4	-3	490
134.0	-3	494
132.5	-3	493
132.9	-3	494
132.6	-3	501
132.6	-3	501
132.6	-3	501
132.1	-3	502
132.1	-3	502
132.1	-3	502
132.1	-3	502
131.7	-3	503
131.7	-3	503
131.7	-3	503
131.7	-3	503
131.7	-3	503
132.5	-3	505
132.5	-3	505
132.5	-3	505
132.5	-3	505
132.7	-3	508
132.7	-3	508
132.7	-3	508
132.7	-3	508
132.7	-3	508
132.1	-3	507
132.1	-3	507
132.1	-3	507
132.1	-3	507
131.7	-3	511
131.7	-3	511
131.7	-3	511
131.7	-3	511
131.7	-3	511
132.0	-3	513
132.0	-3	513
132.0	-3	513
132.0	-3	513
132.0	-3	513
131.1	-3	513
131.1	-3	513
131.1	-3	513
131.1	-3	513
131.1	-3	513
131.8	-3	516
131.8	-3	516
131.8	-3	516
131.8	-3	516
131.4	-3	516
131.4	-3	516
131.4	-3	516
131.4	-3	516
131.4	-3	516
131.0	-3	519
131.0	-3	519
131.0	-3	519
131.0	-3	519
131.0	-3	519
131.6	-3	521
131.6	-3	521
131.6	-3	521
131.6	-3	521
130.9	-3	523
130.9	-3	523
130.9	-3	523
130.9	-3	523
130.9	-3	523
131.1	-3	525
131.1	-3	525
131.1	-3	525
131.1	-3	525
131.0	-3	526
131.0	-3	526
131.0	-3	526
131.0	-3	526
131.0	-3	526
130.0	-3	528
130.0	-3	528
130.0	-3	528
130.0	-3	528
130.0	-3	528
129.9	-3	529
129.9	-3	529
129.9	-3	529
129.9	-3	529
131.0	-3	532
131.0	-3	532
131.0	-3	532
131.0	-3	532
131.0	-3	532
130.5	-3	535
130.5	-3	535
130.5	-3	535
130.5	-3	535
130.5	-3	535
130.0	-3	536
130.0	-3	536
130.0	-3	536
130.0	-3	536
130.0	-3	539
130.0	-3	539
130.0	-3	539
130.0	-3	539
129.6	-3	539
129.6	-3	539
129.6	-3	539
129.6	-3	539
129.6	-3	539
129.4	-3	540
129.4	-3	540
129.4	-3	540
129.4	-3	540
129.4	-3	540
129.8	-3	543
129.8	-3	543
129.8	-3	543
129.8	-3	543
129.6	-3	546
129.6	-3	546
129.6	-3	546
129.6	-3	546
129.6	-3	546
130.2	-3	547
130.2	-3	547
130.2	-3	547
130.2	-3	547
130.2	-3	547
129.2	-3	549
129.2	-3	549
129.2	-3	549
129.2	-3	549
129.1	-3	550
129.1	-3	550
129.1	-3	550
129.1	-3	550
129.1	-3	550
129.3	-3	553
129.3	-3	553
129.3	-3	553
129.3	-3	553
129.3	-3	553
129.3	-3	553
128.8	-3	556
128.8	-3	556
128.8	-3	556
128.8	-3	556
128.3	-3	557
128.3	-3	557
128.3	-3	557
128.3	-3	557
128.3	-3	557
129.5	-3	560
129.5	-3	560
129.5	-3	560
129.5	-3	560
129.5	-3	560
128.8	-3	562
128.8	-3	562
128.8	-3	562
128.8	-3	562
128.4	-3	564
128.4	-3	564
128.4	-3	564
128.4	-3	564
128.9	-3	566
128.9	-3	566
128.9	-3	566
128.9	-3	566
128.9	-3	566
128.0	-3	566
128.0	-3	566
128.0	-3	566
128.0	-3	566
127.2	-3	568
127.2	-3	568
127.2	-3	568
127.2	-3	568
127.2	-3	568
128.3	-3	572
128.3	-3	572
128.3	-3	572
128.3	-3	572
128.3	-3	572
127.7	-3	574
127.7	-3	574
127.7	-3	574
127.7	-3	574
127.3	-3	575
127.3	-3	575
127.3	-3	575
127.3	-3	575
127.7	-3	578
127.7	-3	578
127.7	-3	578
127.7	-3	578
127.7	-3	578
127.4	-3	580
127.4	-3	580
127.4	-3	580
127.4	-3	580
127.4	-3	580
127.8	-3	582
127.8	-3	582
127.8	-3	582
127.8	-3	582
127.8	-3	582
127.1	-3	584
127.1	-3	584
127.1	-3	584
127.1	-3	584
127.2	-3	586
127.2	-3	586
127.2	-3	586
127.2	-3	586
127.2	-3	586
126.4	-3	588
126.4	-3	588
126.4	-3	588
126.4	-3	588
126.4	-3	588
126.6	-3	590
126.6	-3	590
126.6	-3	590
126.6	-3	590
126.5	-3	592
126.5	-3	592
126.5	-3	592
126.5	-3	592
126.2	-3	595
126.2	-3	595
126.2	-3	595
126.2	-3	595
126.2	-3	595
126.6	-3	596
126.6	-3	596
126.6	-3	596
126.6	-3	596
126.6	-3	596
126.1	-3	599
126.1	-3	599
126.1	-3	599
126.1	-3	599
126.1	-3	599
126.6	-3	602
126.6	-3	602
126.6	-3	602
126.6	-3	602
125.9	-3	604
125.9	-3	604
125.9	-3	604
125.9	-3	604
125.9	-3	604
125.5	-3	605
125.5	-3	605
125.5	-3	605
125.5	-3	605
125.6	-3	608
125.6	-3	608
125.6	-3	608
125.6	-3	608
125.6	-3	608
125.6	-3	610
125.6	-3	610
125.6	-3	610
125.6	-3	610
125.6	-3	610
125.4	-3	612
125.4	-3	612
125.4	-3	612
125.4	-3	612
125.3	-3	614
125.3	-3	614
125.3	-3	614
125.3	-3	614
125.3	-3	614
125.2	-3	617
125.2	-3	617
125.2	-3	617
125.2	-3	617
124.9	-3	619
124.9	-3	619
124.9	-3	619
124.9	-3	619
124.9	-3	619
125.0	-3	621
125.0	-3	621
125.0	-3	621
125.0	-3	621
124.6	-3	623
124.6	-3	623
124.6	-3	623
124.6	-3	623
124.6	-3	623
125.0	-3	627
125.0	-3	627
125.0	-3	627
125.0	-3	627
125.0	-3	627
124.5	-3	629
124.5	-3	629
124.5	-3	629
124.5	-3	629
124.5	-3	629
124.3	-3	630
124.3	-3	630
124.3	-3	630
124.3	-3	630
124.2	-3	634
124.2	-3	634
124.2	-3	634
124.2	-3	634
124.2	-3	634
124.0	-3	636
124.0	-3	636
124.0	-3	636
124.0	-3	636
124.0	-3	636
124.2	-3	638
124.2	-3	638
124.2	-3	638
124.2	-3	638
124.2	-3	638
123.8	-3	640
123.8	-3	640
123.8	-3	640
123.8	-3	640
123.8	-3	640
123.7	-3	643
123.7	-3	643
123.7	-3	643
123.7	-3	643
123.4	-3	646
123.4	-3	646
123.4	-3	646
123.4	-3	646
123.4	-3	646
123.3	-3	647
123.3	-3	647
123.3	-3	647
123.3	-3	647
123.3	-3	647
123.5	-3	651
123.5	-3	651
123.5	-3	651
123.5	-3	651
123.1	-3	653
123.1	-3	653
123.1	-3	653
123.1	-3	653
123.1	-3	653
123.2	-3	655
123.2	-3	655
123.2	-3	655
123.2	-3	655
122.8	-3	658
122.8	-3	658
122.8	-3	658
122.8	-3	658
122.8	-3	658
122.7	-3	660
122.7	-3	660
122.7	-3	660
122.7	-3	660
122.7	-3	660
122.4	-3	662
122.4	-3	662
122.4	-3	662
122.4	-3	662
122.3	-3	665
122.3	-3	665
122.3	-3	665
122.3	-3	665
122.3	-3	665
122.4	-3	668
122.4	-3	668
122.4	-3	668
122.4	-3	668
122.4	-3	668
121.9	-3	670
121.9	-3	670
121.9	-3	670
121.9	-3	670
121.8	-3	673
121.8	-3	673
121.8	-3	673
121.8	-3	673
122.2	-3	675
122.2	-3	675
122.2	-3	675
122.2	-3	675
122.2	-3	675
121.9	-3	678
121.9	-3	678
121.9	-3	678
121.9	-3	678
121.9	-3	678
121.9	-3	681
121.9	-3	681
121.9	-3	681
121.9	-3	681
121.9	-3	681
121.8	-3	682
121.8	-3	682
121.8	-3	682
121.8	-3	682
121.2	-3	685
121.2	-3	685
121.2	-3	685
121.2	-3	685
121.2	-3	685
121.3	-3	688
121.3	-3	688
121.3	-3	688
121.3	-3	688
121.3	-3	688
120.9	-3	690
120.9	-3	690
120.9	-3	690
120.9	-3	690
120.9	-3	693
120.9	-3	693
120.9	-3	693
120.9	-3	693
120.9	-3	693
120.7	-3	695
120.7	-3	695
120.7	-3	695
120.7	-3	695
120.7	-3	695
121.0	-3	698
121.0	-3	698
121.0	-3	698
121.0	-3	698
120.2	-3	701
120.2	-3	701
120.2	-3	701
120.2	-3	701
120.2	-3	701
120.3	-3	704
120.3	-3	704
120.3	-3	704
120.3	-3	704
120.3	-3	704
120.1	-3	706
120.1	-3	706
120.1	-3	706
120.1	-3	706
120.1	-3	706
120.2	-3	709
120.2	-3	709
120.2	-3	709
120.2	-3	709
119.9	-3	712
119.9	-3	712
119.9	-3	712
119.9	-3	712
119.9	-3	712
119.8	-3	714
119.8	-3	714
119.8	-3	714
119.8	-3	714
119.8	-3	714
119.4	-3	717
119.4	-3	717
119.4	-3	717
119.4	-3	717
119.7	-3	720
119.7	-3	720
119.7	-3	720
119.7	-3	720
119.4	-3	723
119.4	-3	723
119.4	-3	723
119.4	-3	723
119.4	-3	723
119.5	-3	724
119.5	-3	724
119.5	-3	724
119.5	-3	724
119.5	-3	724
118.9	-3	728
118.9	-3	728
118.9	-3	728
118.9	-3	728
118.9	-3	731
118.9	-3	731
118.9	-3	731
118.9	-3	731
119.0	-3	734
119.0	-3	734
119.0	-3	734
119.0	-3	734
119.0	-3	734
119.0	-3	736
119.0	-3	736
119.0	-3	736
119.0	-3	736
119.0	-3	736
118.8	-3	739
118.8	-3	739
118.8	-3	739
118.8	-3	739
118.4	-3	742
118.4	-3	742
118.4	-3	742
118.4	-3	742
118.4	-3	742
118.4	-3	745
118.4	-3	745
118.4	-3	745
118.4	-3	745
118.4	-3	745
118.2	-3	747
118.2	-3	747
118.2	-3	747
118.2	-3	747
118.2	-3	747
118.5	-3	750
118.5	-3	750
118.5	-3	750
118.5	-3	750
117.9	-3	753
117.9	-3	753
117.9	-3	753
117.9	-3	753
117.9	-3	753
118.8	-3	756
118.8	-3	756
118.8	-3	756
118.8	-3	756
117.8	-3	759
117.8	-3	759
117.8	-3	759
117.8	-3	759
117.8	-3	759
117.6	-2	761
117.6	-2	761
117.6	-2	761
117.6	-2	761
117.6	-2	761
117.9	-2	764
117.9	-2	764
117.9	-2	764
117.9	-2	764
117.9	-2	764
117.8	-2	767
117.8	-2	767
117.8	-2	767
117.8	-2	767
117.0	-2	770
117.0	-2	770
117.0	-2	770
117.0	-2	770
117.0	-2	770
117.7	-2	773
117.7	-2	773
117.7	-2	773
117.7	-2	773
117.7	-2	776
117.7	-2	776
117.7	-2	776
117.7	-2	776
116.9	-2	777
116.9	-2	777
116.9	-2	777
116.9	-2	777
117.4	-2	781
117.4	-2	781
117.4	-2	781
117.4	-2	781
117.4	-2	781
116.9	-2	783
116.9	-2	783
116.9	-2	783
116.9	-2	783
117.1	-2	785
117.1	-2	785
117.1	-2	785
117.1	-2	785
117.1	-2	785
116.6	-2	788
116.6	-2	788
116.6	-2	788
116.6	-2	788
116.6	-2	788
116.2	-2	792
116.2	-2	792
116.2	-2	792
116.2	-2	792
116.6	-2	794
116.6	-2	794
116.6	-2	794
116.6	-2	794
115.9	-2	797
115.9	-2	797
115.9	-2	797
115.9	-2	797
115.9	-2	797
115.6	-2	800
115.6	-2	800
115.6	-2	800
115.6	-2	800
115.6	-2	800
115.6	-2	802
115.6	-2	802
115.6	-2	802
115.6	-2	802
115.7	-2	806
115.7	-2	806
115.7	-2	806
115.7	-2	806
115.7	-2	809
115.7	-2	809
115.7	-2	809
115.7	-2	809
115.7	-2	809
115.8	-2	812
115.8	-2	812
115.8	-2	812
115.8	-2	812
115.7	-2	815
115.7	-2	815
115.7	-2	815
115.7	-2	815
115.6	-2	817
115.6	-2	817
115.6	-2	817
115.6	-2	817
115.6	-2	817
115.2	-2	821
115.2	-2	821
115.2	-2	821
115.2	-2	821
115.2	-2	821
115.3	-2	824
115.3	-2	824
115.3	-2	824
115.3	-2	824
115.0	-2	825
115.0	-2	825
115.0	-2	825
115.0	-2	825
115.0	-2	825
115.2	-2	829
115.2	-2	829
115.2	-2	829
115.2	-2	829
115.2	-2	829
115.2	-2	833
115.2	-2	833
115.2	-2	833
115.2	-2	833
114.5	-2	835
114.5	-2	835
114.5	-2	835
114.5	-2	835
114.5	-2	835
114.6	-2	839
114.6	-2	839
114.6	-2	839
114.6	-2	839
114.9	-2	841
114.9	-2	841
114.9	-2	841
114.9	-2	841
114.9	-2	841
114.2	-2	844
114.2	-2	844
114.2	-2	844
114.2	-2	844
114.2	-2	844
113.8	-2	847
113.8	-2	847
113.8	-2	847
113.8	-2	847
114.7	-2	851
114.7	-2	851
114.7	-2	851
114.7	-2	851
114.7	-2	851
114.4	-2	853
114.4	-2	853
114.4	-2	853
114.4	-2	853
114.4	-2	853
113.9	-2	856
113.9	-2	856
113.9	-2	856
113.9	-2	856
113.9	-2	860
113.9	-2	860
113.9	-2	860
113.9	-2	860
113.9	-2	860
113.7	-2	863
113.7	-2	863
113.7	-2	863
113.7	-2	863
113.5	-1	866
113.5	-1	866
113.5	-1	866
113.5	-1	866
113.5	-1	866
113.4	-1	869
113.4	-1	869
113.4	-1	869
113.4	-1	869
113.4	-1	869
113.8	-1	872
113.8	-1	872
113.8	-1	872
113.8	-1	872
113.3	-1	874
113.3	-1	874
113.3	-1	874
113.3	-1	874
112.6	-1	877
112.6	-1	877
112.6	-1	877
112.6	-1	877
112.6	-1	877
112.6	-1	881
112.6	-1	881
112.6	-1	881
112.6	-1	881
112.6	-1	881
112.3	-1	883
112.3	-1	883
112.3	-1	883
112.3	-1	883
112.3	-1	883
112.7	-1	888
112.7	-1	888
112.7	-1	888
112.7	-1	888
112.7	-1	891
112.7	-1	891
112.7	-1	891
112.7	-1	891
112.7	-1	891
112.5	-1	893
112.5	-1	893
112.5	-1	893
112.5	-1	893
112.4	-1	897
112.4	-1	897
112.4	-1	897
112.4	-1	897
112.4	-1	897
112.3	-1	900
112.3	-1	900
112.3	-1	900
112.3	-1	900
112.4	-1	903
112.4	-1	903
112.4	-1	903
112.4	-1	903
112.4	-1	903
112.1	-1	906
112.1	-1	906
112.1	-1	906
112.1	-1	906
111.4	-1	909
111.4	-1	909
111.4	-1	909
111.4	-1	909
111.4	-1	909
111.2	-1	912
111.2	-1	912
111.2	-1	912
111.2	-1	912
111.2	-1	912
111.8	-1	916
111.8	-1	916
111.8	-1	916
111.8	-1	916
111.8	-1	916
111.5	-1	918
111.5	-1	918
111.5	-1	918
111.5	-1	918
111.3	-1	921
111.3	-1	921
111.3	-1	921
111.3	-1	921
111.3	-1	921
111.0	-1	925
111.0	-1	925
111.0	-1	925
111.0	-1	925
111.0	-1	928
111.0	-1	928
111.0	-1	928
111.0	-1	928
111.0	-1	928
111.1	-1	931
111.1	-1	931
111.1	-1	931
111.1	-1	931
111.1	-1	931
111.0	-1	934
111.0	-1	934
111.0	-1	934
111.0	-1	934
111.0	-1	934
110.6	0	938
110.6	0	938
110.6	0	938
110.6	0	938
110.5	0	942
110.5	0	942
110.5	0	942
110.5	0	942
110.5	0	942
110.4	0	944
110.4	0	944
110.4	0	944
110.4	0	944
110.4	0	944
110.4	0	948
110.4	0	948
110.4	0	948
110.4	0	948
110.1	0	951
110.1	0	951
110.1	0	951
110.1	0	951
110.2	0	954
110.2	0	954
110.2	0	954
110.2	0	954
110.2	0	954
110.1	0	958
110.1	0	958
110.1	0	958
110.1	0	958
110.1	0	958
109.9	0	961
109.9	0	961
109.9	0	961
109.9	0	961
109.8	0	964
109.8	0	964
109.8	0	964
109.8	0	964
109.8	0	964
109.5	0	967
109.5	0	967
109.5	0	967
109.5	0	967
109.4	0	969
109.4	0	969
109.4	0	969
109.4	0	969
109.4	0	969
109.4	0	973
109.4	0	973
109.4	0	973
109.4	0	973
109.2	0	976
109.2	0	976
109.2	0	976
109.2	0	976
109.0	0	980
109.0	0	980
109.0	0	980
109.0	0	980
109.0	0	980
109.1	0	984
109.1	0	984
109.1	0	984
109.1	0	984
108.9	0	986
108.9	0	986
108.9	0	986
108.9	0	986
108.9	0	986
108.8	0	990
108.8	0	990
108.8	0	990
108.8	0	990
108.7	0	993
108.7	0	993
108.7	0	993
108.7	0	993
108.7	0	993
108.6	1	996
108.6	1	996
108.6	1	996
108.6	1	996
108.6	1	996
108.5	1	1000
108.5	1	1000
108.5	1	1000
108.5	1	1000
108.5	1	1000
108.4	1	1003
108.4	1	1003
108.4	1	1003
108.4	1	1003
108.2	1	1006
108.2	1	1006
108.2	1	1006
108.2	1	1006
108.2	1	1006
108.2	1	1010
108.2	1	1010
108.2	1	1010
108.2	1	1010
108.3	1	1013
108.3	1	1013
108.3	1	1013
108.3	1	1013
108.3	1	1013
107.8	1	1016
107.8	1	1016
107.8	1	1016
107.8	1	1016
107.8	1	1016
107.6	1	1019
107.6	1	1019
107.6	1	1019
107.6	1	1019
107.6	1	1023
107.6	1	1023
107.6	1	1023
107.6	1	1023
107.6	1	1023
107.6	1	1026
107.6	1	1026
107.6	1	1026
107.6	1	1026
107.2	1	1029
107.2	1	1029
107.2	1	1029
107.2	1	1029
107.2	1	1029
107.3	1	1033
107.3	1	1033
107.3	1	1033
107.3	1	1033
107.3	1	1033
107.0	1	1036
107.0	1	1036
107.0	1	1036
107.0	1	1036
107.2	1	1039
107.2	1	1039
107.2	1	1039
107.2	1	1039
106.9	1	1042
106.9	1	1042
106.9	1	1042
106.9	1	1042
106.9	1	1042
107.0	1	1045
107.0	1	1045
107.0	1	1045
107.0	1	1045
107.0	1	1045
106.7	2	1049
106.7	2	1049
106.7	2	1049
106.7	2	1049
106.7	2	1049
106.6	2	1052
106.6	2	1052
106.6	2	1052
106.6	2	1052
106.6	2	1056
106.6	2	1056
106.6	2	1056
106.6	2	1056
106.6	2	1056
106.5	2	1060
106.5	2	1060
106.5	2	1060
106.5	2	1060
106.5	2	1060
106.1	2	1063
106.1	2	1063
106.1	2	1063
106.1	2	1063
106.1	2	1066
106.1	2	1066
106.1	2	1066
106.1	2	1066
106.1	2	1069
106.1	2	1069
106.1	2	1069
106.1	2	1069
106.1	2	1069
106.2	2	1073
106.2	2	1073
106.2	2	1073
106.2	2	1073
106.2	2	1073
105.8	2	1076
105.8	2	1076
105.8	2	1076
105.8	2	1076
105.8	2	1076
105.7	2	1079
105.7	2	1079
105.7	2	1079
105.7	2	1079
105.4	2	1082
105.4	2	1082
105.4	2	1082
105.4	2	1082
105.4	2	1082
105.8	2	1087
105.8	2	1087
105.8	2	1087
105.8	2	1087
105.8	2	1087
105.1	2	1090
105.1	2	1090
105.1	2	1090
105.1	2	1090
105.2	2	1093
105.2	2	1093
105.2	2	1093
105.2	2	1093
105.2	2	1093
104.9	3	1096
104.9	3	1096
104.9	3	1096
104.9	3	1096
104.9	3	1096
105.0	3	1100
105.0	3	1100
105.0	3	1100
105.0	3	1100
105.0	3	1100
105.2	3	1104
105.2	3	1104
105.2	3	1104
105.2	3	1104
104.9	3	1107
104.9	3	1107
104.9	3	1107
104.9	3	1107
104.9	3	1107
104.5	3	1111
104.5	3	1111
104.5	3	1111
104.5	3	1111
104.5	3	1111
104.8	3	1113
104.8	3	1113
104.8	3	1113
104.8	3	1113
104.8	3	1113
104.1	3	1117
104.1	3	1117
104.1	3	1117
104.1	3	1117
104.1	3	1120
104.1	3	1120
104.1	3	1120
104.1	3	1120
104.1	3	1120
104.1	3	1125
104.1	3	1125
104.1	3	1125
104.1	3	1125
104.1	3	1125
103.8	3	1128
103.8	3	1128
103.8	3	1128
103.8	3	1128
104.4	3	1131
104.4	3	1131
104.4	3	1131
104.4	3	1131
103.8	3	1134
103.8	3	1134
103.8	3	1134
103.8	3	1134
103.8	3	1134
103.5	4	1137
103.5	4	1137
103.5	4	1137
103.5	4	1137
103.6	4	1141
103.6	4	1141
103.6	4	1141
103.6	4	1141
103.6	4	1141
103.9	4	1144
103.9	4	1144
103.9	4	1144
103.9	4	1144
103.9	4	1144
103.4	4	1147
103.4	4	1147
103.4	4	1147
103.4	4	1147
103.1	4	1151
103.1	4	1151
103.1	4	1151
103.1	4	1151
103.1	4	1151
103.6	4	1154
103.6	4	1154
103.6	4	1154
103.6	4	1154
102.9	4	1158
102.9	4	1158
102.9	4	1158
102.9	4	1158
102.9	4	1158
103.3	4	1161
103.3	4	1161
103.3	4	1161
103.3	4	1161
103.3	4	1161
103.1	4	1164
103.1	4	1164
103.1	4	1164
103.1	4	1164
102.7	4	1168
102.7	4	1168
102.7	4	1168
102.7	4	1168
102.7	4	1168
102.9	4	1170
102.9	4	1170
102.9	4	1170
102.9	4	1170
102.8	5	1174
102.8	5	1174
102.8	5	1174
102.8	5	1174
102.8	5	1174
102.3	5	1177
102.3	5	1177
102.3	5	1177
102.3	5	1177
102.3	5	1177
102.7	5	1181
102.7	5	1181
102.7	5	1181
102.7	5	1181
102.2	5	1183
102.2	5	1183
102.2	5	1183
102.2	5	1183
102.2	5	1183
102.5	5	1187
102.5	5	1187
102.5	5	1187
102.5	5	1187
102.2	5	1191
102.2	5	1191
102.2	5	1191
102.2	5	1191
102.2	5	1191
101.8	5	1194
101.8	5	1194
101.8	5	1194
101.8	5	1194
101.7	5	1198
101.7	5	1198
101.7	5	1198
101.7	5	1198
101.7	5	1198
101.9	5	1201
101.9	5	1201
101.9	5	1201
101.9	5	1201
101.9	5	1201
101.3	5	1204
101.3	5	1204
101.3	5	1204
101.3	5	1204
101.3	5	1204
101.4	5	1207
101.4	5	1207
101.4	5	1207
101.4	5	1207
101.3	6	1211
101.3	6	1211
101.3	6	1211
101.3	6	1211
101.3	6	1211
101.5	6	1215
101.5	6	1215
101.5	6	1215
101.5	6	1215
101.5	6	1215
101.2	6	1218
101.2	6	1218
101.2	6	1218
101.2	6	1218
101.2	6	1221
101.2	6	1221
101.2	6	1221
101.2	6	1221
101.0	6	1224
101.0	6	1224
101.0	6	1224
101.0	6	1224
101.0	6	1224
101.0	6	1227
101.0	6	1227
101.0	6	1227
101.0	6	1227
100.9	6	1230
100.9	6	1230
100.9	6	1230
100.9	6	1230
100.9	6	1230
100.5	6	1234
100.5	6	1234
100.5	6	1234
100.5	6	1234
100.5	6	1234
100.8	6	1237
100.8	6	1237
100.8	6	1237
100.8	6	1237
100.0	6	1241
100.0	6	1241
100.0	6	1241
100.0	6	1241
100.4	7	1244
100.4	7	1244
100.4	7	1244
100.4	7	1244
100.4	7	1244
100.3	7	1247
100.3	7	1247
100.3	7	1247
100.3	7	1247
100.3	7	1247
100.2	7	1250
100.2	7	1250
100.2	7	1250
100.2	7	1250
100.1	7	1253
100.1	7	1253
100.1	7	1253
100.1	7	1253
100.1	7	1253
100.2	7	1257
100.2	7	1257
100.2	7	1257
100.2	7	1257
100.2	7	1257
99.5	7	1261
99.5	7	1261
99.5	7	1261
99.5	7	1261
99.5	7	1261
99.5	7	1264
99.5	7	1264
99.5	7	1264
99.5	7	1264
99.4	7	1268
99.4	7	1268
99.4	7	1268
99.4	7	1268
99.4	7	1268
99.4	7	1270
99.4	7	1270
99.4	7	1270
99.4	7	1270
99.4	7	1273
99.4	7	1273
99.4	7	1273
99.4	7	1273
99.4	7	1273
99.3	8	1278
99.3	8	1278
99.3	8	1278
99.3	8	1278
99.3	8	1278
99.1	8	1280
99.1	8	1280
99.1	8	1280
99.1	8	1280
99.1	8	1280
99.2	8	1283
99.2	8	1283
99.2	8	1283
99.2	8	1283
99.0	8	1287
99.0	8	1287
99.0	8	1287
99.0	8	1287
99.0	8	1287
99.0	8	1290
99.0	8	1290
99.0	8	1290
99.0	8	1290
99.0	8	1290
98.6	8	1293
98.6	8	1293
98.6	8	1293
98.6	8	1293
98.7	8	1297
98.7	8	1297
98.7	8	1297
98.7	8	1297
98.7	8	1297
98.7	8	1300
98.7	8	1300
98.7	8	1300
98.7	8	1300
98.7	8	1304
98.7	8	1304
98.7	8	1304
98.7	8	1304
98.7	8	1304
98.3	9	1306
98.3	9	1306
98.3	9	1306
98.3	9	1306
98.3	9	1306
98.4	9	1311
98.4	9	1311
98.4	9	1311
98.4	9	1311
98.4	9	1311
98.1	9	1313
98.1	9	1313
98.1	9	1313
98.1	9	1313
97.8	9	1317
97.8	9	1317
97.8	9	1317
97.8	9	1317
97.8	9	1317
97.7	9	1320
97.7	9	1320
97.7	9	1320
97.7	9	1320
97.7	9	1320
97.9	9	1324
97.9	9	1324
97.9	9	1324
97.9	9	1324
97.9	9	1324
97.8	9	1327
97.8	9	1327
97.8	9	1327
97.8	9	1327
97.6	9	1330
97.6	9	1330
97.6	9	1330
97.6	9	1330
97.6	9	1330
97.8	10	1333
97.8	10	1333
97.8	10	1333
97.8	10	1333
97.1	10	1337
97.1	10	1337
97.1	10	1337
97.1	10	1337
97.1	10	1337
97.3	10	1339
97.3	10	1339
97.3	10	1339
97.3	10	1339
97.3	10	1339
97.3	10	1343
97.3	10	1343
97.3	10	1343
97.3	10	1343
97.3	10	1347
97.3	10	1347
97.3	10	1347
97.3	10	1347
97.2	10	1350
97.2	10	1350
97.2	10	1350
97.2	10	1350
97.2	10	1350
97.2	10	1352
97.2	10	1352
97.2	10	1352
97.2	10	1352
97.2	10	1352
96.8	10	1355
96.8	10	1355
96.8	10	1355
96.8	10	1355
96.8	10	1355
96.7	10	1359
96.7	10	1359
96.7	10	1359
96.7	10	1359
96.6	11	1362
96.6	11	1362
96.6	11	1362
96.6	11	1362
96.6	11	1362
96.4	11	1366
96.4	11	1366
96.4	11	1366
96.4	11	1366
96.4	11	1366
96.3	11	1369
96.3	11	1369
96.3	11	1369
96.3	11	1369
96.7	11	1371
96.7	11	1371
96.7	11	1371
96.7	11	1371
96.7	11	1371
96.0	11	1375
96.0	11	1375
96.0	11	1375
96.0	11	1375
96.0	11	1378
96.0	11	1378
96.0	11	1378
96.0	11	1378
96.0	11	1378
95.8	11	1381
95.8	11	1381
95.8	11	1381
95.8	11	1381
95.8	11	1381
95.8	11	1385
95.8	11	1385
95.8	11	1385
95.8	11	1385
95.7	12	1387
95.7	12	1387
95.7	12	1387
95.7	12	1387
95.7	12	1387
95.6	12	1391
95.6	12	1391
95.6	12	1391
95.6	12	1391
95.5	12	1393
95.5	12	1393
95.5	12	1393
95.5	12	1393
95.5	12	1393
95.5	12	1396
95.5	12	1396
95.5	12	1396
95.5	12	1396
95.5	12	1396
95.4	12	1400
95.4	12	1400
95.4	12	1400
95.4	12	1400
95.4	12	1402
95.4	12	1402
95.4	12	1402
95.4	12	1402
95.4	12	1402
95.0	12	1406
95.0	12	1406
95.0	12	1406
95.0	12	1406
95.3	12	1408
95.3	12	1408
95.3	12	1408
95.3	12	1408
95.0	13	1411
95.0	13	1411
95.0	13	1411
95.0	13	1411
95.0	13	1411
94.8	13	1414
94.8	13	1414
94.8	13	1414
94.8	13	1414
95.2	13	1417
95.2	13	1417
95.2	13	1417
95.2	13	1417
95.2	13	1417
94.7	13	1421
94.7	13	1421
94.7	13	1421
94.7	13	1421
94.7	13	1421
94.7	13	1423
94.7	13	1423
94.7	13	1423
94.7	13	1423
94.3	13	1427
94.3	13	1427
94.3	13	1427
94.3	13	1427
94.3	13	1427
94.2	13	1430
94.2	13	1430
94.2	13	1430
94.2	13	1430
94.3	13	1432
94.3	13	1432
94.3	13	1432
94.3	13	1432
94.3	13	1432
94.2	14	1436
94.2	14	1436
94.2	14	1436
94.2	14	1436
93.9	14	1438
93.9	14	1438
93.9	14	1438
93.9	14	1438
93.9	14	1438
94.1	14	1442
94.1	14	1442
94.1	14	1442
94.1	14	1442
94.1	14	1442
94.3	14	1443
94.3	14	1443
94.3	14	1443
94.3	14	1443
94.3	14	1443
93.8	14	1448
93.8	14	1448
93.8	14	1448
93.8	14	1448
94.0	14	1450
94.0	14	1450
94.0	14	1450
94.0	14	1450
94.0	14	1450
93.9	14	1453
93.9	14	1453
93.9	14	1453
93.9	14	1453
93.5	15	1456
93.5	15	1456
93.5	15	1456
93.5	15	1456
93.5	15	1456
93.2	15	1459
93.2	15	1459
93.2	15	1459
93.2	15	1459
93.2	15	1459
93.4	15	1462
93.4	15	1462
93.4	15	1462
93.4	15	1462
93.4	15	1462
93.6	15	1465
93.6	15	1465
93.6	15	1465
93.6	15	1465
93.2	15	1468
93.2	15	1468
93.2	15	1468
93.2	15	1468
93.2	15	1468
93.0	15	1471
93.0	15	1471
93.0	15	1471
93.0	15	1471
93.0	15	1471
93.3	15	1473
93.3	15	1473
93.3	15	1473
93.3	15	1473
92.8	15	1478
92.8	15	1478
92.8	15	1478
92.8	15	1478
92.8	15	1478
93.2	16	1480
93.2	16	1480
93.2	16	1480
93.2	16	1480
93.2	16	1480
92.4	16	1484
92.4	16	1484
92.4	16	1484
92.4	16	1484
92.6	16	1486
92.6	16	1486
92.6	16	1486
92.6	16	1486
92.6	16	1486
92.1	16	1489
92.1	16	1489
92.1	16	1489
92.1	16	1489
92.7	16	1490
92.7	16	1490
92.7	16	1490
92.7	16	1490
92.7	16	1490
92.3	16	1494
92.3	16	1494
92.3	16	1494
92.3	16	1494
92.3	16	1494
92.3	16	1497
92.3	16	1497
92.3	16	1497
92.3	16	1497
92.0	17	1500
92.0	17	1500
92.0	17	1500
92.0	17	1500
92.0	17	1500
92.3	17	1503
92.3	17	1503
92.3	17	1503
92.3	17	1503
92.3	17	1503
92.2	17	1506
92.2	17	1506
92.2	17	1506
92.2	17	1506
91.8	17	1508
91.8	17	1508
91.8	17	1508
91.8	17	1508
91.8	17	1508
91.8	17	1511
91.8	17	1511
91.8	17	1511
91.8	17	1511
91.8	17	1511
92.0	17	1513
92.0	17	1513
92.0	17	1513
92.0	17	1513
91.9	17	1517
91.9	17	1517
91.9	17	1517
91.9	17	1517
91.9	17	1517
91.4	18	1519
91.4	18	1519
91.4	18	1519
91.4	18	1519
91.4	18	1519
91.7	18	1522
91.7	18	1522
91.7	18	1522
91.7	18	1522
91.3	18	1524
91.3	18	1524
91.3	18	1524
91.3	18	1524
90.9	18	1527
90.9	18	1527
90.9	18	1527
90.9	18	1527
91.1	18	1529
91.1	18	1529
91.1	18	1529
91.1	18	1529
91.1	18	1529
91.3	18	1533
91.3	18	1533
91.3	18	1533
91.3	18	1533
91.3	18	1533
91.3	18	1535
91.3	18	1535
91.3	18	1535
91.3	18	1535
91.3	18	1535
90.5	18	1538
90.5	18	1538
90.5	18	1538
90.5	18	1538
90.5	19	1540
90.5	19	1540
90.5	19	1540
90.5	19	1540
90.6	19	1543
90.6	19	1543
90.6	19	1543
90.6	19	1543
90.6	19	1543
90.7	19	1546
90.7	19	1546
90.7	19	1546
90.7	19	1546
90.6	19	1547
90.6	19	1547
90.6	19	1547
90.6	19	1547
90.6	19	1547
90.7	19	1550
90.7	19	1550
90.7	19	1550
90.7	19	1550
90.7	19	1550
90.3	19	1554
90.3	19	1554
90.3	19	1554
90.3	19	1554
90.3	19	1556
90.3	19	1556
90.3	19	1556
90.3	19	1556
90.2	20	1557
90.2	20	1557
90.2	20	1557
90.2	20	1557
90.2	20	1557
90.3	20	1560
90.3	20	1560
90.3	20	1560
90.3	20	1560
89.8	20	1564
89.8	20	1564
89.8	20	1564
89.8	20	1564
89.8	20	1564
90.0	20	1567
90.0	20	1567
90.0	20	1567
90.0	20	1567
90.0	20	1567
89.8	20	1569
89.8	20	1569
89.8	20	1569
89.8	20	1569
90.0	20	1571
90.0	20	1571
90.0	20	1571
90.0	20	1571
89.9	20	1573
89.9	20	1573
89.9	20	1573
89.9	20	1573
89.9	20	1573
89.6	20	1576
89.6	20	1576
89.6	20	1576
89.6	20	1576
89.4	21	1578
89.4	21	1578
89.4	21	1578
89.4	21	1578
89.4	21	1578
89.5	21	1580
89.5	21	1580
89.5	21	1580
89.5	21	1580
89.5	21	1580
89.2	21	1584
89.2	21	1584
89.2	21	1584
89.2	21	1584
89.2	21	1586
89.2	21	1586
89.2	21	1586
89.2	21	1586
88.9	21	1588
88.9	21	1588
88.9	21	1588
88.9	21	1588
88.9	21	1588
89.2	21	1591
89.2	21	1591
89.2	21	1591
89.2	21	1591
89.2	21	1591
88.8	21	1593
88.8	21	1593
88.8	21	1593
88.8	21	1593
88.8	21	1593
88.9	22	1596
88.9	22	1596
88.9	22	1596
88.9	22	1596
88.7	22	1599
88.7	22	1599
88.7	22	1599
88.7	22	1599
88.7	22	1599
88.8	22	1600
88.8	22	1600
88.8	22	1600
88.8	22	1600
88.8	22	1600
88.6	22	1603
88.6	22	1603
88.6	22	1603
88.6	22	1603
88.7	22	1606
88.7	22	1606
88.7	22	1606
88.7	22	1606
88.7	22	1606
88.4	22	1608
88.4	22	1608
88.4	22	1608
88.4	22	1608
88.4	22	1608
88.4	22	1611
88.4	22	1611
88.4	22	1611
88.4	22	1611
88.4	22	1611
88.1	23	1613
88.1	23	1613
88.1	23	1613
88.1	23	1613
88.1	23	1615
88.1	23	1615
88.1	23	1615
88.1	23	1615
88.1	23	1615
87.8	23	1618
87.8	23	1618
87.8	23	1618
87.8	23	1618
87.8	23	1618
88.0	23	1621
88.0	23	1621
88.0	23	1621
88.0	23	1621
88.0	23	1622
88.0	23	1622
88.0	23	1622
88.0	23	1622
88.0	23	1622
88.1	23	1624
88.1	23	1624
88.1	23	1624
88.1	23	1624
88.1	23	1624
87.7	23	1626
87.7	23	1626
87.7	23	1626
87.7	23	1626
87.7	23	1629
87.7	23	1629
87.7	23	1629
87.7	23	1629
87.7	23	1629
87.3	24	1632
87.3	24	1632
87.3	24	1632
87.3	24	1632
87.7	24	1634
87.7	24	1634
87.7	24	1634
87.7	24	1634
87.7	24	1634
87.7	24	1636
87.7	24	1636
87.7	24	1636
87.7	24	1636
87.1	24	1639
87.1	24	1639
87.1	24	1639
87.1	24	1639
87.1	24	1639
87.3	24	1640
87.3	24	1640
87.3	24	1640
87.3	24	1640
87.0	24	1643
87.0	24	1643
87.0	24	1643
87.0	24	1643
87.0	24	1643
87.1	24	1645
87.1	24	1645
87.1	24	1645
87.1	24	1645
87.1	24	1645
87.2	25	1647
87.2	25	1647
87.2	25	1647
87.2	25	1647
87.2	25	1647
87.0	25	1649
87.0	25	1649
87.0	25	1649
87.0	25	1649
86.7	25	1652
86.7	25	1652
86.7	25	1652
86.7	25	1652
86.7	25	1652
86.9	25	1653
86.9	25	1653
86.9	25	1653
86.9	25	1653
86.9	25	1653
86.4	25	1657
86.4	25	1657
86.4	25	1657
86.4	25	1657
86.4	25	1657
86.8	25	1657
86.8	25	1657
86.8	25	1657
86.8	25	1657
86.4	25	1661
86.4	25	1661
86.4	25	1661
86.4	25	1661
86.4	25	1661
86.1	26	1664
86.1	26	1664
86.1	26	1664
86.1	26	1664
86.1	26	1664
86.1	26	1664
86.1	26	1664
86.1	26	1664
86.1	26	1664
86.2	26	1667
86.2	26	1667
86.2	26	1667
86.2	26	1667
86.2	26	1667
86.2	26	1669
86.2	26	1669
86.2	26	1669
86.2	26	1669
85.9	26	1672
85.9	26	1672
85.9	26	1672
85.9	26	1672
85.9	26	1672
85.9	26	1674
85.9	26	1674
85.9	26	1674
85.9	26	1674
85.9	26	1674
85.8	26	1676
85.8	26	1676
85.8	26	1676
85.8	26	1676
86.0	27	1678
86.0	27	1678
86.0	27	1678
86.0	27	1678
86.0	27	1678
85.8	27	1679
85.8	27	1679
85.8	27	1679
85.8	27	1679
85.8	27	1679
85.8	27	1681
85.8	27	1681
85.8	27	1681
85.8	27	1681
85.5	27	1684
85.5	27	1684
85.5	27	1684
85.5	27	1684
85.5	27	1684
85.4	27	1686
85.4	27	1686
85.4	27	1686
85.4	27	1686
85.4	27	1686
85.4	27	1688
85.4	27	1688
85.4	27	1688
85.4	27	1688
85.3	27	1690
85.3	27	1690
85.3	27	1690
85.3	27	1690
85.3	27	1690
85.0	27	1692
85.0	27	1692
85.0	27	1692
85.0	27	1692
85.0	27	1692
84.8	28	1694
84.8	28	1694
84.8	28	1694
84.8	28	1694
85.1	28	1696
85.1	28	1696
85.1	28	1696
85.1	28	1696
85.1	28	1696
84.8	28	1698
84.8	28	1698
84.8	28	1698
84.8	28	1698
84.8	28	1698
84.8	28	1700
84.8	28	1700
84.8	28	1700
84.8	28	1700
84.8	28	1700
84.6	28	1702
84.6	28	1702
84.6	28	1702
84.6	28	1702
85.0	28	1704
85.0	28	1704
85.0	28	1704
85.0	28	1704
85.0	28	1704
84.5	28	1705
84.5	28	1705
84.5	28	1705
84.5	28	1705
84.5	29	1707
84.5	29	1707
84.5	29	1707
84.5	29	1707
84.5	29	1707
84.8	29	1709
84.8	29	1709
84.8	29	1709
84.8	29	1709
84.1	29	1712
84.1	29	1712
84.1	29	1712
84.1	29	1712
84.1	29	1712
84.4	29	1713
84.4	29	1713
84.4	29	1713
84.4	29	1713
84.4	29	1713
84.4	29	1714
84.4	29	1714
84.4	29	1714
84.4	29	1714
84.0	29	1716
84.0	29	1716
84.0	29	1716
84.0	29	1716
84.0	29	1716
84.0	29	1719
84.0	29	1719
84.0	29	1719
84.0	29	1719
84.0	29	1719
84.5	29	1720
84.5	29	1720
84.5	29	1720
84.5	29	1720
84.5	29	1720
83.9	30	1723
83.9	30	1723
83.9	30	1723
83.9	30	1723
83.6	30	1725
83.6	30	1725
83.6	30	1725
83.6	30	1725
83.7	30	1725
83.7	30	1725
83.7	30	1725
83.7	30	1725
83.8	30	1728
83.8	30	1728
83.8	30	1728
83.8	30	1728
83.8	30	1728
83.9	30	1728
83.9	30	1728
83.9	30	1728
83.9	30	1728
83.9	30	1728
83.3	30	1731
83.3	30	1731
83.3	30	1731
83.3	30	1731
83.3	30	1731
83.3	30	1733
83.3	30	1733
83.3	30	1733
83.3	30	1733
83.1	31	1735
83.1	31	1735
83.1	31	1735
83.1	31	1735
83.1	31	1735
83.0	31	1737
83.0	31	1737
83.0	31	1737
83.0	31	1737
83.4	31	1738
83.4	31	1738
83.4	31	1738
83.4	31	1738
83.4	31	1738
83.1	31	1740
83.1	31	1740
83.1	31	1740
83.1	31	1740
83.1	31	1740
83.2	31	1740
83.2	31	1740
83.2	31	1740
83.2	31	1740
83.2	31	1740
82.9	31	1743
82.9	31	1743
82.9	31	1743
82.9	31	1743
83.1	31	1745
83.1	31	1745
83.1	31	1745
83.1	31	1745
83.1	31	1745
82.8	31	1747
82.8	31	1747
82.8	31	1747
82.8	31	1747
82.8	31	1747
82.4	32	1749
82.4	32	1749
82.4	32	1749
82.4	32	1749
82.4	32	1749
82.8	32	1750
82.8	32	1750
82.8	32	1750
82.8	32	1750
82.2	32	1752
82.2	32	1752
82.2	32	1752
82.2	32	1752
82.2	32	1752
82.5	32	1754
82.5	32	1754
82.5	32	1754
82.5	32	1754
82.3	32	1755
82.3	32	1755
82.3	32	1755
82.3	32	1755
82.3	32	1755
81.9	32	1757
81.9	32	1757
81.9	32	1757
81.9	32	1757
82.2	32	1759
82.2	32	1759
82.2	32	1759
82.2	32	1759
82.2	32	1759
82.3	32	1760
82.3	32	1760
82.3	32	1760
82.3	32	1760
82.3	32	1760
82.2	33	1761
82.2	33	1761
82.2	33	1761
82.2	33	1761
82.2	33	1761
82.1	33	1764
82.1	33	1764
82.1	33	1764
82.1	33	1764
81.7	33	1764
81.7	33	1764
81.7	33	1764
81.7	33	1764
81.7	33	1764
81.8	33	1765
81.8	33	1765
81.8	33	1765
81.8	33	1765
81.8	33	1765
81.7	33	1768
81.7	33	1768
81.7	33	1768
81.7	33	1768
81.6	33	1768
81.6	33	1768
81.6	33	1768
81.6	33	1768
81.3	33	1771
81.3	33	1771
81.3	33	1771
81.3	33	1771
81.3	33	1771
81.7	33	1772
81.7	33	1772
81.7	33	1772
81.7	33	1772
81.7	33	1772
81.6	34	1774
81.6	34	1774
81.6	34	1774
81.6	34	1774
81.3	34	1774
81.3	34	1774
81.3	34	1774
81.3	34	1774
81.3	34	1776
81.3	34	1776
81.3	34	1776
81.3	34	1776
81.3	34	1776
81.3	34	1778
81.3	34	1778
81.3	34	1778
81.3	34	1778
80.9	34	1779
80.9	34	1779
80.9	34	1779
80.9	34	1779
80.9	34	1779
81.0	34	1781
81.0	34	1781
81.0	34	1781
81.0	34	1781
81.0	34	1781
80.9	34	1782
80.9	34	1782
80.9	34	1782
80.9	34	1782
81.0	34	1784
81.0	34	1784
81.0	34	1784
81.0	34	1784
80.7	35	1784
80.7	35	1784
80.7	35	1784
80.7	35	1784
80.7	35	1784
80.8	35	1786
80.8	35	1786
80.8	35	1786
80.8	35	1786
80.8	35	1786
80.9	35	1787
80.9	35	1787
80.9	35	1787
80.9	35	1787
80.8	35	1788
80.8	35	1788
80.8	35	1788
80.8	35	1788
80.7	35	1790
80.7	35	1790
80.7	35	1790
80.7	35	1790
80.7	35	1790
80.5	35	1791
80.5	35	1791
80.5	35	1791
80.5	35	1791
80.5	35	1791
80.3	35	1793
80.3	35	1793
80.3	35	1793
80.3	35	1793
80.5	35	1794
80.5	35	1794
80.5	35	1794
80.5	35	1794
80.2	35	1796
80.2	35	1796
80.2	35	1796
80.2	35	1796
80.2	35	1796
80.1	36	1797
80.1	36	1797
80.1	36	1797
80.1	36	1797
80.2	36	1798
80.2	36	1798
80.2	36	1798
80.2	36	1798
80.2	36	1798
80.1	36	1799
80.1	36	1799
80.1	36	1799
80.1	36	1799
80.1	36	1799
79.9	36	1801
79.9	36	1801
79.9	36	1801
79.9	36	1801
79.9	36	1801
79.8	36	1801
79.8	36	1801
79.8	36	1801
79.8	36	1801
79.7	36	1803
79.7	36	1803
79.7	36	1803
79.7	36	1803
79.7	36	1803
79.8	36	1804
79.8	36	1804
79.8	36	1804
79.8	36	1804
79.6	36	1806
79.6	36	1806
79.6	36	1806
79.6	36	1806
79.6	36	1806
79.6	36	1806
79.6	36	1806
79.6	36	1806
79.6	36	1806
79.6	36	1806
79.5	37	1808
79.5	37	1808
79.5	37	1808
79.5	37	1808
79.5	37	1808
79.5	37	1810
79.5	37	1810
79.5	37	1810
79.5	37	1810
79.4	37	1811
79.4	37	1811
79.4	37	1811
79.4	37	1811
79.4	37	1811
79.3	37	1813
79.3	37	1813
79.3	37	1813
79.3	37	1813
79.3	37	1813
79.3	37	1814
79.3	37	1814
79.3	37	1814
79.3	37	1814
79.3	37	1814
79.1	37	1815
79.1	37	1815
79.1	37	1815
79.1	37	1815
79.3	37	1816
79.3	37	1816
79.3	37	1816
79.3	37	1816
79.3	37	1816
79.0	37	1817
79.0	37	1817
79.0	37	1817
79.0	37	1817
79.1	38	1817
79.1	38	1817
79.1	38	1817
79.1	38	1817
79.1	38	1817
78.8	38	1819
78.8	38	1819
78.8	38	1819
78.8	38	1819
78.8	38	1819
78.9	38	1820
78.9	38	1820
78.9	38	1820
78.9	38	1820
78.8	38	1821
78.8	38	1821
78.8	38	1821
78.8	38	1821
78.8	38	1821
78.9	38	1822
78.9	38	1822
78.9	38	1822
78.9	38	1822
78.9	38	1823
78.9	38	1823
78.9	38	1823
78.9	38	1823
78.9	38	1823
78.5	38	1824
78.5	38	1824
78.5	38	1824
78.5	38	1824
78.5	38	1824
78.4	38	1826
78.4	38	1826
78.4	38	1826
78.4	38	1826
78.4	38	1826
78.4	38	1827
78.4	38	1827
78.4	38	1827
78.4	38	1827
77.9	39	1829
77.9	39	1829
77.9	39	1829
77.9	39	1829
77.9	39	1829
78.2	39	1830
78.2	39	1830
78.2	39	1830
78.2	39	1830
78.2	39	1830
78.1	39	1830
78.1	39	1830
78.1	39	1830
78.1	39	1830
77.9	39	1831
77.9	39	1831
77.9	39	1831
77.9	39	1831
77.9	39	1831
77.9	39	1832
77.9	39	1832
77.9	39	1832
77.9	39	1832
77.9	39	1832
77.9	39	1833
77.9	39	1833
77.9	39	1833
77.9	39	1833
77.9	39	1833
78.0	39	1835
78.0	39	1835
78.0	39	1835
78.0	39	1835
77.7	39	1835
77.7	39	1835
77.7	39	1835
77.7	39	1835
77.7	39	1835
77.7	39	1837
77.7	39	1837
77.7	39	1837
77.7	39	1837
77.7	39	1837
77.4	40	1838
77.4	40	1838
77.4	40	1838
77.4	40	1838
77.4	40	1838
77.2	40	1839
77.2	40	1839
77.2	40	1839
77.2	40	1839
77.8	40	1840
77.8	40	1840
77.8	40	1840
77.8	40	1840
77.8	40	1840
77.2	40	1841
77.2	40	1841
77.2	40	1841
77.2	40	1841
77.2	40	1841
77.2	40	1842
77.2	40	1842
77.2	40	1842
77.2	40	1842
77.2	40	1843
77.2	40	1843
77.2	40	1843
77.2	40	1843
77.2	40	1843
76.8	40	1844
76.8	40	1844
76.8	40	1844
76.8	40	1844
76.8	40	1844
77.1	40	1845
77.1	40	1845
77.1	40	1845
77.1	40	1845
77.4	40	1846
77.4	40	1846
77.4	40	1846
77.4	40	1846
77.0	40	1847
77.0	40	1847
77.0	40	1847
77.0	40	1847
77.0	40	1847
76.7	41	1847
76.7	41	1847
76.7	41	1847
76.7	41	1847
76.7	41	1847
76.7	41	1847
76.7	41	1847
76.7	41	1847
76.7	41	1847
76.7	41	1847
76.8	41	1849
76.8	41	1849
76.8	41	1849
76.8	41	1849
76.6	41	1850
76.6	41	1850
76.6	41	1850
76.6	41	1850
76.6	41	1850
76.6	41	1851
76.6	41	1851
76.6	41	1851
76.6	41	1851
76.6	41	1852
76.6	41	1852
76.6	41	1852
76.6	41	1852
76.6	41	1852
76.6	41	1853
76.6	41	1853
76.6	41	1853
76.6	41	1853
76.6	41	1853
76.7	41	1854
76.7	41	1854
76.7	41	1854
76.7	41	1854
76.7	41	1854
76.4	41	1854
76.4	41	1854
76.4	41	1854
76.4	41	1854
75.9	41	1856
75.9	41	1856
75.9	41	1856
75.9	41	1856
75.9	41	1856
76.0	42	1856
76.0	42	1856
76.0	42	1856
76.0	42	1856
76.0	42	1856
76.3	42	1857
76.3	42	1857
76.3	42	1857
76.3	42	1857
76.0	42	1858
76.0	42	1858
76.0	42	1858
76.0	42	1858
75.8	42	1859
75.8	42	1859
75.8	42	1859
75.8	42	1859
75.8	42	1859
75.9	42	1860
75.9	42	1860
75.9	42	1860
75.9	42	1860
75.9	42	1860
75.9	42	1860
75.9	42	1860
75.9	42	1860
75.9	42	1860
75.8	42	1861
75.8	42	1861
75.8	42	1861
75.8	42	1861
75.8	42	1861
75.3	42	1862
75.3	42	1862
75.3	42	1862
75.3	42	1862
75.3	42	1862
75.9	42	1862
75.9	42	1862
75.9	42	1862
75.9	42	1862
75.6	42	1863
75.6	42	1863
75.6	42	1863
75.6	42	1863
75.5	43	1865
75.5	43	1865
75.5	43	1865
75.5	43	1865
75.5	43	1865
75.3	43	1865
75.3	43	1865
75.3	43	1865
75.3	43	1865
75.3	43	1865
75.5	43	1865
75.5	43	1865
75.5	43	1865
75.5	43	1865
75.5	43	1865
75.4	43	1867
75.4	43	1867
75.4	43	1867
75.4	43	1867
75.0	43	1867
75.0	43	1867
75.0	43	1867
75.0	43	1867
75.0	43	1867
75.3	43	1868
75.3	43	1868
75.3	43	1868
75.3	43	1868
75.1	43	1869
75.1	43	1869
75.1	43	1869
75.1	43	1869
74.8	43	1869
74.8	43	1869
74.8	43	1869
74.8	43	1869
75.0	43	1870
75.0	43	1870
75.0	43	1870
75.0	43	1870
75.0	43	1870
74.9	43	1870
74.9	43	1870
74.9	43	1870
74.9	43	1870
74.9	43	1870
75.0	43	1872
75.0	43	1872
75.0	43	1872
75.0	43	1872
75.0	43	1872
74.8	43	1872
74.8	43	1872
74.8	43	1872
74.8	43	1872
74.5	44	1873
74.5	44	1873
74.5	44	1873
74.5	44	1873
74.9	44	1874
74.9	44	1874
74.9	44	1874
74.9	44	1874
74.9	44	1874
74.6	44	1873
74.6	44	1873
74.6	44	1873
74.6	44	1873
74.6	44	1873
74.5	44	1874
74.5	44	1874
74.5	44	1874
74.5	44	1874
74.3	44	1876
74.3	44	1876
74.3	44	1876
74.3	44	1876
74.3	44	1876
74.5	44	1877
74.5	44	1877
74.5	44	1877
74.5	44	1877
74.5	44	1877
74.4	44	1877
74.4	44	1877
74.4	44	1877
74.4	44	1877
74.4	44	1877
74.4	44	1877
74.4	44	1877
74.4	44	1877
74.4	44	1877
73.9	44	1879
73.9	44	1879
73.9	44	1879
73.9	44	1879
74.2	44	1879
74.2	44	1879
74.2	44	1879
74.2	44	1879
74.2	44	1879
74.1	45	1879
74.1	45	1879
74.1	45	1879
74.1	45	1879
74.1	45	1880
74.1	45	1880
74.1	45	1880
74.1	45	1880
74.0	45	1880
74.0	45	1880
74.0	45	1880
74.0	45	1880
74.0	45	1880
73.8	45	1881
73.8	45	1881
73.8	45	1881
73.8	45	1881
73.8	45	1881
73.8	45	1881
73.8	45	1881
73.8	45	1881
73.8	45	1881
73.8	45	1882
73.8	45	1882
73.8	45	1882
73.8	45	1882
73.8	45	1882
74.0	45	1883
74.0	45	1883
74.0	45	1883
74.0	45	1883
74.0	45	1883
73.5	45	1884
73.5	45	1884
73.5	45	1884
73.5	45	1884
73.5	45	1884
73.5	45	1884
73.5	45	1884
73.5	45	1884
73.5	45	1884
73.5	45	1885
73.5	45	1885
73.5	45	1885
73.5	45	1885
73.4	45	1885
73.4	45	1885
73.4	45	1885
73.4	45	1885
73.4	45	1885
73.5	45	1886
73.5	45	1886
73.5	45	1886
73.5	45	1886
73.5	45	1886
73.3	46	1887
73.3	46	1887
73.3	46	1887
73.3	46	1887
73.2	46	1886
73.2	46	1886
73.2	46	1886
73.2	46	1886
73.2	46	1886
73.1	46	1888
73.1	46	1888
73.1	46	1888
73.1	46	1888
73.2	46	1889
73.2	46	1889
73.2	46	1889
73.2	46	1889
73.2	46	1889
73.0	46	1889
73.0	46	1889
73.0	46	1889
73.0	46	1889
73.0	46	1889
73.0	46	1888
73.0	46	1888
73.0	46	1888
73.0	46	1888
72.9	46	1889
72.9	46	1889
72.9	46	1889
72.9	46	1889
72.9	46	1889
72.9	46	1890
72.9	46	1890
72.9	46	1890
72.9	46	1890
72.9	46	1890
72.7	46	1891
72.7	46	1891
72.7	46	1891
72.7	46	1891
72.7	46	1891
72.8	46	1891
72.8	46	1891
72.8	46	1891
72.8	46	1891
72.7	46	1891
72.7	46	1891
72.7	46	1891
72.7	46	1891
72.7	46	1891
72.8	46	1892
72.8	46	1892
72.8	46	1892
72.8	46	1892
72.8	46	1892
72.7	46	1893
72.7	46	1893
72.7	46	1893
72.7	46	1893
72.5	47	1893
72.5	47	1893
72.5	47	1893
72.5	47	1893
72.4	47	1894
72.4	47	1894
72.4	47	1894
72.4	47	1894
72.4	47	1894
72.4	47	1894
72.4	47	1894
72.4	47	1894
72.4	47	1894
72.4	47	1894
72.3	47	1894
72.3	47	1894
72.3	47	1894
72.3	47	1894
72.3	47	1894
72.4	47	1895
72.4	47	1895
72.4	47	1895
72.4	47	1895
72.2	47	1895
72.2	47	1895
72.2	47	1895
72.2	47	1895
72.2	47	1895
72.3	47	1895
72.3	47	1895
72.3	47	1895
72.3	47	1895
72.1	47	1895
72.1	47	1895
72.1	47	1895
72.1	47	1895
72.1	47	1895
72.2	47	1896
72.2	47	1896
72.2	47	1896
72.2	47	1896
72.2	47	1896
72.2	47	1896
72.2	47	1896
72.2	47	1896
72.2	47	1896
71.9	47	1897
71.9	47	1897
71.9	47	1897
71.9	47	1897
71.8	47	1897
71.8	47	1897
71.8	47	1897
71.8	47	1897
71.8	47	1897
71.7	47	1898
71.7	47	1898
71.7	47	1898
71.7	47	1898
71.7	47	1898
71.6	48	1898
71.6	48	1898
71.6	48	1898
71.6	48	1898
71.6	48	1898
71.7	48	1899
71.7	48	1899
71.7	48	1899
71.7	48	1899
71.5	48	1900
71.5	48	1900
71.5	48	1900
71.5	48	1900
71.5	48	1900
71.3	48	1900
71.3	48	1900
71.3	48	1900
71.3	48	1900
71.3	48	1900
71.3	48	1900
71.3	48	1900
71.3	48	1900
71.3	48	1900
71.3	48	1901
71.3	48	1901
71.3	48	1901
71.3	48	1901
71.5	48	1901
71.5	48	1901
71.5	48	1901
71.5	48	1901
71.5	48	1901
71.1	48	1901
71.1	48	1901
71.1	48	1901
71.1	48	1901
71.2	48	1901
71.2	48	1901
71.2	48	1901
71.2	48	1901
71.2	48	1901
71.0	48	1901
71.0	48	1901
71.0	48	1901
71.0	48	1901
71.0	48	1901
71.0	48	1901
71.0	48	1901
71.0	48	1901
71.0	48	1901
70.9	48	1902
70.9	48	1902
70.9	48	1902
70.9	48	1902
70.9	48	1902
71.0	48	1902
71.0	48	1902
71.0	48	1902
71.0	48	1902
71.0	48	1902
71.1	48	1903
71.1	48	1903
71.1	48	1903
71.1	48	1903
71.1	48	1903
70.7	49	1904
70.7	49	1904
70.7	49	1904
70.7	49	1904
70.6	49	1903
70.6	49	1903
70.6	49	1903
70.6	49	1903
70.6	49	1903
70.5	49	1904
70.5	49	1904
70.5	49	1904
70.5	49	1904
70.5	49	1904
70.8	49	1904
70.8	49	1904
70.8	49	1904
70.8	49	1904
70.8	49	1904
70.4	49	1905
70.4	49	1905
70.4	49	1905
70.4	49	1905
70.4	49	1905
70.4	49	1905
70.4	49	1905
70.4	49	1905
70.4	49	1905
70.4	49	1906
70.4	49	1906
70.4	49	1906
70.4	49	1906
70.4	49	1906
70.5	49	1906
70.5	49	1906
70.5	49	1906
70.5	49	1906
70.4	49	1905
70.4	49	1905
70.4	49	1905
70.4	49	1905
70.1	49	1907
70.1	49	1907
70.1	49	1907
70.1	49	1907
70.1	49	1907
70.3	49	1906
70.3	49	1906
70.3	49	1906
70.3	49	1906
70.3	49	1906
70.4	49	1907
70.4	49	1907
70.4	49	1907
70.4	49	1907
70.4	49	1907
70.0	49	1907
70.0	49	1907
70.0	49	1907
70.0	49	1907
70.1	49	1907
70.1	49	1907
70.1	49	1907
70.1	49	1907
70.1	49	1907
70.0	49	1908
70.0	49	1908
70.0	49	1908
70.0	49	1908
70.0	49	1908
70.0	50	1907
70.0	50	1907
70.0	50	1907
70.0	50	1907
69.9	50	1908
69.9	50	1908
69.9	50	1908
69.9	50	1908
69.9	50	1908
70.0	50	1908
70.0	50	1908
70.0	50	1908
70.0	50	1908
70.0	50	1908
69.4	50	1908
69.4	50	1908
69.4	50	1908
69.4	50	1908
69.7	50	1908
69.7	50	1908
69.7	50	1908
69.7	50	1908
69.7	50	1908
69.8	50	1909
69.8	50	1909
69.8	50	1909
69.8	50	1909
69.5	50	1909
69.5	50	1909
69.5	50	1909
69.5	50	1909
69.5	50	1909
69.4	50	1909
69.4	50	1909
69.4	50	1909
69.4	50	1909
69.4	50	1909
69.5	50	1910
69.5	50	1910
69.5	50	1910
69.5	50	1910
69.1	50	1909
69.1	50	1909
69.1	50	1909
69.1	50	1909
69.1	50	1909
69.4	50	1910
69.4	50	1910
69.4	50	1910
69.4	50	1910
69.4	50	1910
69.0	50	1910
69.0	50	1910
69.0	50	1910
69.0	50	1910
69.0	50	1910
69.1	50	1911
69.1	50	1911
69.1	50	1911
69.1	50	1911
68.9	50	1911
68.9	50	1911
68.9	50	1911
68.9	50	1911
68.9	50	1911
69.0	50	1910
69.0	50	1910
69.0	50	1910
69.0	50	1910
69.0	50	1910
68.8	51	1911
68.8	51	1911
68.8	51	1911
68.8	51	1911
68.9	51	1911
68.9	51	1911
68.9	51	1911
68.9	51	1911
68.9	51	1911
69.0	51	1911
69.0	51	1911
69.0	51	1911
69.0	51	1911
68.9	51	1911
68.9	51	1911
68.9	51	1911
68.9	51	1911
68.9	51	1911
68.5	51	1912
68.5	51	1912
68.5	51	1912
68.5	51	1912
68.6	51	1911
68.6	51	1911
68.6	51	1911
68.6	51	1911
68.6	51	1911
68.9	51	1912
68.9	51	1912
68.9	51	1912
68.9	51	1912
68.4	51	1913
68.4	51	1913
68.4	51	1913
68.4	51	1913
68.4	51	1913
68.4	51	1912
68.4	51	1912
68.4	51	1912
68.4	51	1912
68.4	51	1912
68.5	51	1913
68.5	51	1913
68.5	51	1913
68.5	51	1913
68.3	51	1913
68.3	51	1913
68.3	51	1913
68.3	51	1913
68.3	51	1913
68.2	51	1912
68.2	51	1912
68.2	51	1912
68.2	51	1912
68.2	51	1912
68.5	51	1913
68.5	51	1913
68.5	51	1913
68.5	51	1913
68.4	51	1913
68.4	51	1913
68.4	51	1913
68.4	51	1913
68.4	51	1913
68.0	51	1914
68.0	51	1914
68.0	51	1914
68.0	51	1914
68.1	51	1913
68.1	51	1913
68.1	51	1913
68.1	51	1913
68.1	51	1913
68.1	51	1913
68.1	51	1913
68.1	51	1913
68.1	51	1913
68.1	51	1913
68.0	51	1914
68.0	51	1914
68.0	51	1914
68.0	51	1914
68.0	51	1914
68.0	52	1914
68.0	52	1914
68.0	52	1914
68.0	52	1914
68.2	52	1913
68.2	52	1913
68.2	52	1913
68.2	52	1913
68.2	52	1913
67.7	52	1914
67.7	52	1914
67.7	52	1914
67.7	52	1914
67.9	52	1914
67.9	52	1914
67.9	52	1914
67.9	52	1914
67.9	52	1914
67.9	52	1913
67.9	52	1913
67.9	52	1913
67.9	52	1913
67.9	52	1913
68.0	52	1913
68.0	52	1913
68.0	52	1913
68.0	52	1913
68.0	52	1913
67.6	52	1914
67.6	52	1914
67.6	52	1914
67.6	52	1914
67.6	52	1915
67.6	52	1915
67.6	52	1915
67.6	52	1915
67.6	52	1915
67.8	52	1914
67.8	52	1914
67.8	52	1914
67.8	52	1914
67.8	52	1914
67.1	52	1915
67.1	52	1915
67.1	52	1915
67.1	52	1915
67.4	52	1914
67.4	52	1914
67.4	52	1914
67.4	52	1914
67.7	52	1915
67.7	52	1915
67.7	52	1915
67.7	52	1915
67.7	52	1915
67.0	52	1915
67.0	52	1915
67.0	52	1915
67.0	52	1915
67.0	52	1915
67.3	52	1915
67.3	52	1915
67.3	52	1915
67.3	52	1915
67.3	52	1915
67.5	52	1915
67.5	52	1915
67.5	52	1915
67.5	52	1915
67.4	52	1914
67.4	52	1914
67.4	52	1914
67.4	52	1914
66.8	52	1915
66.8	52	1915
66.8	52	1915
66.8	52	1915
67.2	52	1915
67.2	52	1915
67.2	52	1915
67.2	52	1915
67.2	52	1915
67.0	52	1915
67.0	52	1915
67.0	52	1915
67.0	52	1915
67.0	52	1915
67.3	53	1915
67.3	53	1915
67.3	53	1915
67.3	53	1915
67.3	53	1915
67.2	53	1915
67.2	53	1915
67.2	53	1915
67.2	53	1915
66.5	53	1915
66.5	53	1915
66.5	53	1915
66.5	53	1915
66.5	53	1915
67.0	53	1916
67.0	53	1916
67.0	53	1916
67.0	53	1916
67.0	53	1916
66.9	53	1915
66.9	53	1915
66.9	53	1915
66.9	53	1915
66.4	53	1916
66.4	53	1916
66.4	53	1916
66.4	53	1916
66.4	53	1916
66.5	53	1916
66.5	53	1916
66.5	53	1916
66.5	53	1916
66.5	53	1916
66.5	53	1916
66.5	53	1916
66.5	53	1916
66.5	53	1916
66.5	53	1916
66.5	53	1916
66.5	53	1916
66.5	53	1916
66.5	53	1916
66.9	53	1915
66.9	53	1915
66.9	53	1915
66.9	53	1915
66.9	53	1915
66.2	53	1916
66.2	53	1916
66.2	53	1916
66.2	53	1916
66.2	53	1916
66.1	53	1916
66.1	53	1916
66.1	53	1916
66.1	53	1916
66.3	53	1915
66.3	53	1915
66.3	53	1915
66.3	53	1915
66.3	53	1915
66.2	53	1916
66.2	53	1916
66.2	53	1916
66.2	53	1916
66.0	53	1915
66.0	53	1915
66.0	53	1915
66.0	53	1915
66.0	53	1915
66.4	53	1916
66.4	53	1916
66.4	53	1916
66.4	53	1916
66.4	53	1916
66.0	53	1916
66.0	53	1916
66.0	53	1916
66.0	53	1916
66.2	53	1915
66.2	53	1915
66.2	53	1915
66.2	53	1915
66.2	53	1915
65.9	53	1916
65.9	53	1916
65.9	53	1916
65.9	53	1916
65.8	53	1916
65.8	53	1916
65.8	53	1916
65.8	53	1916
65.8	53	1916
65.6	53	1915
65.6	53	1915
65.6	53	1915
65.6	53	1915
65.6	53	1915
65.8	54	1915
65.8	54	1915
65.8	54	1915
65.8	54	1915
65.8	54	1916
65.8	54	1916
65.8	54	1916
65.8	54	1916
65.8	54	1916
65.4	54	1915
65.4	54	1915
65.4	54	1915
65.4	54	1915
65.4	54	1915
65.6	54	1915
65.6	54	1915
65.6	54	1915
65.6	54	1915
65.6	54	1915
65.7	54	1916
65.7	54	1916
65.7	54	1916
65.7	54	1916
65.5	54	1915
65.5	54	1915
65.5	54	1915
65.5	54	1915
65.5	54	1916
65.5	54	1916
65.5	54	1916
65.5	54	1916
65.5	54	1916
65.4	54	1916
65.4	54	1916
65.4	54	1916
65.4	54	1916
65.4	54	1915
65.4	54	1915
65.4	54	1915
65.4	54	1915
65.4	54	1915
65.5	54	1915
65.5	54	1915
65.5	54	1915
65.5	54	1915
65.3	54	1916
65.3	54	1916
65.3	54	1916
65.3	54	1916
65.3	54	1916
65.1	54	1916
65.1	54	1916
65.1	54	1916
65.1	54	1916
65.0	54	1915
65.0	54	1915
65.0	54	1915
65.0	54	1915
65.0	54	1915
65.0	54	1915
65.0	54	1915
65.0	54	1915
65.0	54	1915
65.0	54	1915
65.0	54	1916
65.0	54	1916
65.0	54	1916
65.0	54	1916
65.0	54	1915
65.0	54	1915
65.0	54	1915
65.0	54	1915
65.0	54	1915
64.7	54	1916
64.7	54	1916
64.7	54	1916
64.7	54	1916
64.7	54	1916
64.8	54	1915
64.8	54	1915
64.8	54	1915
64.8	54	1915
64.8	54	1915
64.9	54	1915
64.9	54	1915
64.9	54	1915
64.9	54	1915
64.7	54	1916
64.7	54	1916
64.7	54	1916
64.7	54	1916
64.7	54	1916
64.6	54	1915
64.6	54	1915
64.6	54	1915
64.6	54	1915
64.7	54	1914
64.7	54	1914
64.7	54	1914
64.7	54	1914
64.7	54	1914
64.6	55	1914
64.6	55	1914
64.6	55	1914
64.6	55	1914
64.8	55	1914
64.8	55	1914
64.8	55	1914
64.8	55	1914
64.8	55	1914
64.3	55	1915
64.3	55	1915
64.3	55	1915
64.3	55	1915
64.3	55	1915
64.3	55	1915
64.3	55	1915
64.3	55	1915
64.3	55	1915
64.3	55	1915
64.5	55	1914
64.5	55	1914
64.5	55	1914
64.5	55	1914
64.3	55	1915
64.3	55	1915
64.3	55	1915
64.3	55	1915
64.3	55	1915
64.1	55	1915
64.1	55	1915
64.1	55	1915
64.1	55	1915
64.1	55	1915
64.3	55	1915
64.3	55	1915
64.3	55	1915
64.3	55	1915
64.5	55	1915
64.5	55	1915
64.5	55	1915
64.5	55	1915
64.1	55	1914
64.1	55	1914
64.1	55	1914
64.1	55	1914
64.1	55	1914
64.3	55	1914
64.3	55	1914
64.3	55	1914
64.3	55	1914
64.3	55	1914
63.7	55	1915
63.7	55	1915
63.7	55	1915
63.7	55	1915
63.7	55	1915
64.0	55	1914
64.0	55	1914
64.0	55	1914
64.0	55	1914
64.0	55	1915
64.0	55	1915
64.0	55	1915
64.0	55	1915
64.0	55	1915
63.9	55	1914
63.9	55	1914
63.9	55	1914
63.9	55	1914
64.0	55	1914
64.0	55	1914
64.0	55	1914
64.0	55	1914
64.0	55	1914
64.0	55	1914
64.0	55	1914
64.0	55	1914
64.0	55	1914
64.0	55	1914
63.5	55	1914
63.5	55	1914
63.5	55	1914
63.5	55	1914
63.7	55	1913
63.7	55	1913
63.7	55	1913
63.7	55	1913
63.7	55	1913
63.7	55	1914
63.7	55	1914
63.7	55	1914
63.7	55	1914
63.7	55	1914
63.4	55	1914
63.4	55	1914
63.4	55	1914
63.4	55	1914
63.3	55	1913
63.3	55	1913
63.3	55	1913
63.3	55	1913
63.3	55	1913
63.5	55	1912
63.5	55	1912
63.5	55	1912
63.5	55	1912
63.5	55	1912
63.3	55	1913
63.3	55	1913
63.3	55	1913
63.3	55	1913
63.3	55	1913
63.6	55	1913
63.6	55	1913
63.6	55	1913
63.6	55	1913
63.3	55	1912
63.3	55	1912
63.3	55	1912
63.3	55	1912
63.3	55	1912
63.5	55	1912
63.5	55	1912
63.5	55	1912
63.5	55	1912
63.2	55	1912
63.2	55	1912
63.2	55	1912
63.2	55	1912
63.2	55	1912
63.0	56	1912
63.0	56	1912
63.0	56	1912
63.0	56	1912
63.0	56	1912
63.0	56	1912
63.0	56	1912
63.0	56	1912
63.0	56	1912
63.1	56	1911
63.1	56	1911
63.1	56	1911
63.1	56	1911
63.2	56	1912
63.2	56	1912
63.2	56	1912
63.2	56	1912
63.2	56	1912
63.0	56	1911
63.0	56	1911
63.0	56	1911
63.0	56	1911
63.0	56	1911
62.7	56	1911
62.7	56	1911
62.7	56	1911
62.7	56	1911
62.9	56	1912
62.9	56	1912
62.9	56	1912
62.9	56	1912
62.8	56	1911
62.8	56	1911
62.8	56	1911
62.8	56	1911
62.8	56	1911
62.8	56	1911
62.8	56	1911
62.8	56	1911
62.8	56	1911
62.7	56	1911
62.7	56	1911
62.7	56	1911
62.7	56	1911
62.7	56	1911
62.8	56	1911
62.8	56	1911
62.8	56	1911
62.8	56	1911
62.4	56	1911
62.4	56	1911
62.4	56	1911
62.4	56	1911
62.4	56	1911
62.7	56	1910
62.7	56	1910
62.7	56	1910
62.7	56	1910
62.4	56	1911
62.4	56	1911
62.4	56	1911
62.4	56	1911
62.4	56	1911
62.5	56	1910
62.5	56	1910
62.5	56	1910
62.5	56	1910
62.5	56	1910
62.3	56	1911
62.3	56	1911
62.3	56	1911
62.3	56	1911
62.5	56	1911
62.5	56	1911
62.5	56	1911
62.5	56	1911
62.5	56	1911
62.4	56	1910
62.4	56	1910
62.4	56	1910
62.4	56	1910
62.4	56	1910
62.3	56	1910
62.3	56	1910
62.3	56	1910
62.3	56	1910
62.3	56	1910
62.3	56	1910
62.3	56	1910
62.3	56	1910
62.3	56	1910
62.3	56	1909
62.3	56	1909
62.3	56	1909
62.3	56	1909
62.3	56	1909
62.2	56	1909
62.2	56	1909
62.2	56	1909
62.2	56	1909
62.2	56	1909
62.0	56	1910
62.0	56	1910
62.0	56	1910
62.0	56	1910
62.1	56	1909
62.1	56	1909
62.1	56	1909
62.1	56	1909
62.0	56	1909
62.0	56	1909
62.0	56	1909
62.0	56	1909
62.0	56	1909
61.8	56	1908
61.8	56	1908
61.8	56	1908
61.8	56	1908
61.8	56	1908
61.9	56	1908
61.9	56	1908
61.9	56	1908
61.9	56	1908
61.9	56	1908
61.9	56	1909
61.9	56	1909
61.9	56	1909
61.9	56	1909
61.9	56	1908
61.9	56	1908
61.9	56	1908
61.9	56	1908
61.9	56	1908
61.5	57	1909
61.5	57	1909
61.5	57	1909
61.5	57	1909
61.5	57	1909
61.6	57	1908
61.6	57	1908
61.6	57	1908
61.6	57	1908
61.8	57	1907
61.8	57	1907
61.8	57	1907
61.8	57	1907
61.6	57	1909
61.6	57	1909
61.6	57	1909
61.6	57	1909
61.6	57	1909
61.7	57	1908
61.7	57	1908
61.7	57	1908
61.7	57	1908
61.6	57	1908
61.6	57	1908
61.6	57	1908
61.6	57	1908
61.6	57	1908
61.5	57	1908
61.5	57	1908
61.5	57	1908
61.5	57	1908
61.5	57	1908
61.3	57	1908
61.3	57	1908
61.3	57	1908
61.3	57	1908
61.4	57	1908
61.4	57	1908
61.4	57	1908
61.4	57	1908
61.3	57	1906
61.3	57	1906
61.3	57	1906
61.3	57	1906
61.3	57	1906
61.5	57	1907
61.5	57	1907
61.5	57	1907
61.5	57	1907
61.5	57	1907
61.4	57	1906
61.4	57	1906
61.4	57	1906
61.4	57	1906
61.3	57	1906
61.3	57	1906
61.3	57	1906
61.3	57	1906
61.3	57	1906
61.3	57	1906
61.3	57	1906
61.3	57	1906
61.3	57	1906
61.2	57	1905
61.2	57	1905
61.2	57	1905
61.2	57	1905
61.2	57	1905
61.0	57	1906
61.0	57	1906
61.0	57	1906
61.0	57	1906
61.0	57	1906
61.0	57	1905
61.0	57	1905
61.0	57	1905
61.0	57	1905
61.1	57	1905
61.1	57	1905
61.1	57	1905
61.1	57	1905
61.1	57	1905
61.0	57	1905
61.0	57	1905
61.0	57	1905
61.0	57	1905
61.0	57	1905
60.9	57	1905
60.9	57	1905
60.9	57	1905
60.9	57	1905
60.9	57	1905
60.9	57	1905
60.9	57	1905
60.9	57	1905
60.9	57	1905
60.7	57	1904
60.7	57	1904
60.7	57	1904
60.7	57	1904
60.7	57	1904
60.6	57	1903
60.6	57	1903
60.6	57	1903
60.6	57	1903
60.7	57	1904
60.7	57	1904
60.7	57	1904
60.7	57	1904
60.7	57	1904
60.7	57	1904
60.7	57	1904
60.7	57	1904
60.7	57	1904
60.7	57	1903
60.7	57	1903
60.7	57	1903
60.7	57	1903
60.7	57	1903
60.4	57	1904
60.4	57	1904
60.4	57	1904
60.4	57	1904
60.5	57	1903
60.5	57	1903
60.5	57	1903
60.5	57	1903
60.6	57	1903
60.6	57	1903
60.6	57	1903
60.6	57	1903
60.6	57	1903
60.3	57	1903
60.3	57	1903
60.3	57	1903
60.3	57	1903
60.2	57	1902
60.2	57	1902
60.2	57	1902
60.2	57	1902
60.2	57	1902
60.3	57	1903
60.3	57	1903
60.3	57	1903
60.3	57	1903
60.3	57	1903
60.2	57	1902
60.2	57	1902
60.2	57	1902
60.2	57	1902
60.3	57	1901
60.3	57	1901
60.3	57	1901
60.3	57	1901
60.3	57	1901
60.2	57	1901
60.2	57	1901
60.2	57	1901
60.2	57	1901
60.1	57	1902
60.1	57	1902
60.1	57	1902
60.1	57	1902
60.1	57	1902
60.0	58	1901
60.0	58	1901
60.0	58	1901
60.0	58	1901
60.2	58	1900
60.2	58	1900
60.2	58	1900
60.2	58	1900
60.2	58	1900
60.0	58	1901
60.0	58	1901
60.0	58	1901
60.0	58	1901
60.0	58	1901
59.9	58	1901
59.9	58	1901
59.9	58	1901
59.9	58	1901
59.9	58	1901
60.1	58	1901
60.1	58	1901
60.1	58	1901
60.1	58	1901
59.8	58	1900
59.8	58	1900
59.8	58	1900
59.8	58	1900
59.8	58	1900
59.9	58	1900
59.9	58	1900
59.9	58	1900
59.9	58	1900
59.9	58	1900
59.6	58	1900
59.6	58	1900
59.6	58	1900
59.6	58	1900
60.1	58	1900
60.1	58	1900
60.1	58	1900
60.1	58	1900
60.1	58	1900
59.7	58	1900
59.7	58	1900
59.7	58	1900
59.7	58	1900
60.1	58	1899
60.1	58	1899
60.1	58	1899
60.1	58	1899
60.1	58	1899
59.5	58	1899
59.5	58	1899
59.5	58	1899
59.5	58	1899
59.5	58	1899
59.5	58	1899
59.5	58	1899
59.5	58	1899
59.5	58	1899
59.5	58	1899
59.5	58	1899
59.5	58	1899
59.5	58	1899
59.5	58	1898
59.5	58	1898
59.5	58	1898
59.5	58	1898
59.7	58	1897
59.7	58	1897
59.7	58	1897
59.7	58	1897
59.7	58	1897
59.3	58	1897
59.3	58	1897
59.3	58	1897
59.3	58	1897
59.4	58	1897
59.4	58	1897
59.4	58	1897
59.4	58	1897
59.4	58	1897
59.3	58	1897
59.3	58	1897
59.3	58	1897
59.3	58	1897
59.3	58	1897
59.3	58	1897
59.3	58	1897
59.3	58	1897
59.3	58	1897
59.3	58	1898
59.3	58	1898
59.3	58	1898
59.3	58	1898
59.3	58	1898
58.9	58	1897
58.9	58	1897
58.9	58	1897
58.9	58	1897
59.3	58	1896
59.3	58	1896
59.3	58	1896
59.3	58	1896
59.1	58	1896
59.1	58	1896
59.1	58	1896
59.1	58	1896
59.1	58	1896
59.4	58	1896
59.4	58	1896
59.4	58	1896
59.4	58	1896
59.0	58	1896
59.0	58	1896
59.0	58	1896
59.0	58	1896
59.0	58	1896
59.2	58	1896
59.2	58	1896
59.2	58	1896
59.2	58	1896
58.9	58	1896
58.9	58	1896
58.9	58	1896
58.9	58	1896
58.9	58	1896
58.9	58	1896
58.9	58	1896
58.9	58	1896
58.9	58	1896
58.9	58	1896
59.1	58	1895
59.1	58	1895
59.1	58	1895
59.1	58	1895
58.8	58	1895
58.8	58	1895
58.8	58	1895
58.8	58	1895
58.9	58	1894
58.9	58	1894
58.9	58	1894
58.9	58	1894
58.9	58	1894
58.9	58	1894
58.9	58	1894
58.9	58	1894
58.9	58	1894
58.9	58	1894
58.7	58	1893
58.7	58	1893
58.7	58	1893
58.7	58	1893
58.5	58	1894
58.5	58	1894
58.5	58	1894
58.5	58	1894
58.7	58	1894
58.7	58	1894
58.7	58	1894
58.7	58	1894
58.7	58	1894
58.7	58	1893
58.7	58	1893
58.7	58	1893
58.7	58	1893
58.6	58	1894
58.6	58	1894
58.6	58	1894
58.6	58	1894
58.6	58	1894
58.7	58	1893
58.7	58	1893
58.7	58	1893
58.7	58	1893
58.7	58	1893
58.5	58	1892
58.5	58	1892
58.5	58	1892
58.5	58	1892
58.6	58	1893
58.6	58	1893
58.6	58	1893
58.6	58	1893
58.6	58	1893
58.5	58	1892
58.5	58	1892
58.5	58	1892
58.5	58	1892
58.5	59	1892
58.5	59	1892
58.5	59	1892
58.5	59	1892
58.5	59	1892
58.3	59	1892
58.3	59	1892
58.3	59	1892
58.3	59	1892
58.3	59	1892
58.0	59	1892
58.0	59	1892
58.0	59	1892
58.0	59	1892
57.9	59	1892
57.9	59	1892
57.9	59	1892
57.9	59	1892
57.9	59	1892
58.4	59	1891
58.4	59	1891
58.4	59	1891
58.4	59	1891
58.4	59	1891
57.9	59	1891
57.9	59	1891
57.9	59	1891
57.9	59	1891
58.2	59	1890
58.2	59	1890
58.2	59	1890
58.2	59	1890
58.0	59	1890
58.0	59	1890
58.0	59	1890
58.0	59	1890
58.0	59	1890
57.9	59	1890
57.9	59	1890
57.9	59	1890
57.9	59	1890
57.9	59	1890
58.1	59	1890
58.1	59	1890
58.1	59	1890
58.1	59	1890
58.1	59	1890
58.1	59	1890
58.1	59	1890
58.1	59	1890
58.1	59	1890
57.9	59	1890
57.9	59	1890
57.9	59	1890
57.9	59	1890
57.9	59	1890
57.8	59	1889
57.8	59	1889
57.8	59	1889
57.8	59	1889
57.8	59	1889
57.6	59	1888
57.6	59	1888
57.6	59	1888
57.6	59	1888
57.9	59	1888
57.9	59	1888
57.9	59	1888
57.9	59	1888
57.9	59	1888
57.7	59	1888
57.7	59	1888
57.7	59	1888
57.7	59	1888
58.0	59	1887
58.0	59	1887
58.0	59	1887
58.0	59	1887
58.0	59	1887
57.8	59	1887
57.8	59	1887
57.8	59	1887
57.8	59	1887
57.6	59	1888
57.6	59	1888
57.6	59	1888
57.6	59	1888
57.6	59	1888
57.4	59	1887
57.4	59	1887
57.4	59	1887
57.4	59	1887
57.4	59	1887
57.3	59	1886
57.3	59	1886
57.3	59	1886
57.3	59	1886
57.3	59	1887
57.3	59	1887
57.3	59	1887
57.3	59	1887
57.3	59	1886
57.3	59	1886
57.3	59	1886
57.3	59	1886
57.3	59	1886
57.3	59	1886
57.3	59	1886
57.3	59	1886
57.3	59	1886
57.3	59	1886
57.4	59	1886
57.4	59	1886
57.4	59	1886
57.4	59	1886
57.4	59	1886
57.4	59	1886
57.4	59	1886
57.4	59	1886
57.4	59	1886
57.1	59	1885
57.1	59	1885
57.1	59	1885
57.1	59	1885
57.1	59	1885
57.2	59	1884
57.2	59	1884
57.2	59	1884
57.2	59	1884
57.2	59	1884
57.1	59	1885
57.1	59	1885
57.1	59	1885
57.1	59	1885
57.2	59	1884
57.2	59	1884
57.2	59	1884
57.2	59	1884
57.2	59	1884
57.0	59	1884
57.0	59	1884
57.0	59	1884
57.0	59	1884
57.0	59	1884
56.9	59	1885
56.9	59	1885
56.9	59	1885
56.9	59	1885
56.9	59	1885
57.1	59	1883
57.1	59	1883
57.1	59	1883
57.1	59	1883
56.9	59	1884
56.9	59	1884
56.9	59	1884
56.9	59	1884
56.9	59	1884
56.9	59	1883
56.9	59	1883
56.9	59	1883
56.9	59	1883
56.6	59	1883
56.6	59	1883
56.6	59	1883
56.6	59	1883
56.6	59	1883
56.7	59	1882
56.7	59	1882
56.7	59	1882
56.7	59	1882
56.7	59	1882
57.0	59	1882
57.0	59	1882
57.0	59	1882
57.0	59	1882
57.0	59	1882
56.8	59	1882
56.8	59	1882
56.8	59	1882
56.8	59	1882
56.7	59	1881
56.7	59	1881
56.7	59	1881
56.7	59	1881
56.7	59	1881
56.7	59	1881
56.7	59	1881
56.7	59	1881
56.4	59	1881
56.4	59	1881
56.4	59	1881
56.4	59	1881
56.4	59	1881
56.4	59	1881
56.4	59	1881
56.4	59	1881
56.4	59	1881
56.4	59	1881
56.7	59	1880
56.7	59	1880
56.7	59	1880
56.7	59	1880
56.7	59	1880
56.6	59	1881
56.6	59	1881
56.6	59	1881
56.6	59	1881
56.4	59	1880
56.4	59	1880
56.4	59	1880
56.4	59	1880
56.4	59	1880
56.2	59	1880
56.2	59	1880
56.2	59	1880
56.2	59	1880
56.6	59	1879
56.6	59	1879
56.6	59	1879
56.6	59	1879
56.6	59	1879
56.3	59	1879
56.3	59	1879
56.3	59	1879
56.3	59	1879
56.3	59	1879
56.2	59	1880
56.2	59	1880
56.2	59	1880
56.2	59	1880
56.2	59	1879
56.2	59	1879
56.2	59	1879
56.2	59	1879
56.2	59	1879
56.3	59	1878
56.3	59	1878
56.3	59	1878
56.3	59	1878
56.2	59	1879
56.2	59	1879
56.2	59	1879
56.2	59	1879
56.2	59	1879
56.2	59	1878
56.2	59	1878
56.2	59	1878
56.2	59	1878
56.2	59	1878
56.2	59	1877
56.2	59	1877
56.2	59	1877
56.2	59	1877
55.7	60	1878
55.7	60	1878
55.7	60	1878
55.7	60	1878
55.9	60	1878
55.9	60	1878
55.9	60	1878
55.9	60	1878
55.9	60	1878
56.0	60	1877
56.0	60	1877
56.0	60	1877
56.0	60	1877
56.0	60	1877
55.9	60	1877
55.9	60	1877
55.9	60	1877
55.9	60	1877
55.9	60	1877
55.7	60	1877
55.7	60	1877
55.7	60	1877
55.7	60	1877
55.6	60	1876
55.6	60	1876
55.6	60	1876
55.6	60	1876
55.8	60	1876
55.8	60	1876
55.8	60	1876
55.8	60	1876
55.8	60	1876
55.9	60	1876
55.9	60	1876
55.9	60	1876
55.9	60	1876
55.9	60	1876
55.9	60	1876
55.9	60	1876
55.9	60	1876
55.4	60	1875
55.4	60	1875
55.4	60	1875
55.4	60	1875
55.4	60	1875
55.8	60	1875
55.8	60	1875
55.8	60	1875
55.8	60	1875
56.0	60	1874
56.0	60	1874
56.0	60	1874
56.0	60	1874
56.0	60	1874
55.3	60	1874
55.3	60	1874
55.3	60	1874
55.3	60	1874
55.3	60	1874
55.6	60	1874
55.6	60	1874
55.6	60	1874
55.6	60	1874
55.4	60	1874
55.4	60	1874
55.4	60	1874
55.4	60	1874
55.4	60	1874
55.7	60	1874
55.7	60	1874
55.7	60	1874
55.7	60	1874
55.2	60	1874
55.2	60	1874
55.2	60	1874
55.2	60	1874
55.2	60	1874
55.6	60	1873
55.6	60	1873
55.6	60	1873
55.6	60	1873
55.6	60	1873
55.4	60	1873
55.4	60	1873
55.4	60	1873
55.4	60	1873
55.6	60	1873
55.6	60	1873
55.6	60	1873
55.6	60	1873
55.2	60	1873
55.2	60	1873
55.2	60	1873
55.2	60	1873
55.2	60	1873
55.1	60	1871
55.1	60	1871
55.1	60	1871
55.1	60	1871
55.1	60	1871
55.4	60	1872
55.4	60	1872
55.4	60	1872
55.4	60	1872
55.7	60	1871
55.7	60	1871
55.7	60	1871
55.7	60	1871
55.7	60	1871
55.0	60	1871
55.0	60	1871
55.0	60	1871
55.0	60	1871
55.0	60	1871
55.1	60	1870
55.1	60	1870
55.1	60	1870
55.1	60	1870
55.2	60	1870
55.2	60	1870
55.2	60	1870
55.2	60	1870
55.2	60	1870
55.6	60	1869
55.6	60	1869
55.6	60	1869
55.6	60	1869
55.6	60	1869
55.3	60	1870
55.3	60	1870
55.3	60	1870
55.3	60	1870
54.8	60	1869
54.8	60	1869
54.8	60	1869
54.8	60	1869
54.3	60	1869
54.3	60	1869
54.3	60	1869
54.3	60	1869
54.3	60	1869
54.9	60	1869
54.9	60	1869
54.9	60	1869
54.9	60	1869
54.9	60	1869
55.1	60	1868
55.1	60	1868
55.1	60	1868
55.1	60	1868
55.1	60	1868
54.4	60	1868
54.4	60	1868
54.4	60	1868
54.4	60	1868
54.9	60	1868
54.9	60	1868
54.9	60	1868
54.9	60	1868
54.6	60	1868
54.6	60	1868
54.6	60	1868
54.6	60	1868
54.6	60	1868
54.5	60	1867
54.5	60	1867
54.5	60	1867
54.5	60	1867
54.5	60	1867
54.6	60	1868
54.6	60	1868
54.6	60	1868
54.6	60	1868
54.6	60	1868
54.4	60	1867
54.4	60	1867
54.4	60	1867
54.4	60	1867
54.2	60	1867
54.2	60	1867
54.2	60	1867
54.2	60	1867
54.2	60	1867
55.0	60	1867
55.0	60	1867
55.0	60	1867
55.0	60	1867
54.5	60	1866
54.5	60	1866
54.5	60	1866
54.5	60	1866
54.4	60	1865
54.4	60	1865
54.4	60	1865
54.4	60	1865
54.4	60	1865
54.7	60	1865
54.7	60	1865
54.7	60	1865
54.7	60	1865
54.8	60	1865
54.8	60	1865
54.8	60	1865
54.8	60	1865
54.8	60	1865
53.8	60	1866
53.8	60	1866
53.8	60	1866
53.8	60	1866
53.8	60	1866
54.6	60	1865
54.6	60	1865
54.6	60	1865
54.6	60	1865
54.7	60	1865
54.7	60	1865
54.7	60	1865
54.7	60	1865
54.1	60	1864
54.1	60	1864
54.1	60	1864
54.1	60	1864
54.1	60	1864
54.4	60	1864
54.4	60	1864
54.4	60	1864
54.4	60	1864
54.4	60	1864
53.9	60	1864
53.9	60	1864
53.9	60	1864
53.9	60	1864
54.0	60	1864
54.0	60	1864
54.0	60	1864
54.0	60	1864
54.0	60	1864
54.1	60	1863
54.1	60	1863
54.1	60	1863
54.1	60	1863
54.1	60	1863
53.6	60	1863
53.6	60	1863
53.6	60	1863
53.6	60	1863
53.6	60	1863
53.7	60	1863
53.7	60	1863
53.7	60	1863
53.7	60	1863
54.0	60	1862
54.0	60	1862
54.0	60	1862
54.0	60	1862
54.0	60	1862
53.8	60	1863
53.8	60	1863
53.8	60	1863
53.8	60	1863
53.8	60	1862
53.8	60	1862
53.8	60	1862
53.8	60	1862
53.8	60	1862
54.1	60	1862
54.1	60	1862
54.1	60	1862
54.1	60	1862
53.9	60	1861
53.9	60	1861
53.9	60	1861
53.9	60	1861
53.9	60	1861
53.7	60	1861
53.7	60	1861
53.7	60	1861
53.7	60	1861
53.7	60	1861
53.5	60	1860
53.5	60	1860
53.5	60	1860
53.5	60	1860
53.5	60	1860
53.7	60	1860
53.7	60	1860
53.7	60	1860
53.7	60	1860
53.4	60	1860
53.4	60	1860
53.4	60	1860
53.4	60	1860
53.4	60	1860
53.4	60	1859
53.4	60	1859
53.4	60	1859
53.4	60	1859
53.4	60	1859
53.8	60	1859
53.8	60	1859
53.8	60	1859
53.8	60	1859
53.9	60	1859
53.9	60	1859
53.9	60	1859
53.9	60	1859
53.9	60	1859
53.6	60	1859
53.6	60	1859
53.6	60	1859
53.6	60	1859
53.6	60	1859
53.5	60	1859
53.5	60	1859
53.5	60	1859
53.5	60	1859
53.0	60	1858
53.0	60	1858
53.0	60	1858
53.0	60	1858
53.0	60	1858
53.4	60	1859
53.4	60	1859
53.4	60	1859
53.4	60	1859
53.4	60	1859
52.9	60	1858
52.9	60	1858
52.9	60	1858
52.9	60	1858
53.3	60	1858
53.3	60	1858
53.3	60	1858
53.3	60	1858
53.3	60	1858
53.1	60	1857
53.1	60	1857
53.1	60	1857
53.1	60	1857
53.1	60	1857
53.5	60	1856
53.5	60	1856
53.5	60	1856
53.5	60	1856
53.4	60	1857
53.4	60	1857
53.4	60	1857
53.4	60	1857
53.4	60	1857
53.2	61	1855
53.2	61	1855
53.2	61	1855
53.2	61	1855
53.2	61	1855
53.0	61	1856
53.0	61	1856
53.0	61	1856
53.0	61	1856
53.1	61	1855
53.1	61	1855
53.1	61	1855
53.1	61	1855
53.1	61	1855
53.0	61	1855
53.0	61	1855
53.0	61	1855
53.0	61	1855
53.0	61	1855
53.0	61	1855
53.0	61	1855
53.0	61	1855
53.0	61	1855
53.0	61	1855
52.8	61	1855
52.8	61	1855
52.8	61	1855
52.8	61	1855
52.8	61	1854
52.8	61	1854
52.8	61	1854
52.8	61	1854
52.8	61	1854
52.9	61	1854
52.9	61	1854
52.9	61	1854
52.9	61	1854
52.9	61	1853
52.9	61	1853
52.9	61	1853
52.9	61	1853
52.9	61	1853
52.5	61	1854
52.5	61	1854
52.5	61	1854
52.5	61	1854
52.5	61	1854
52.9	61	1853
52.9	61	1853
52.9	61	1853
52.9	61	1853
52.9	61	1853
52.6	61	1853
52.6	61	1853
52.6	61	1853
52.6	61	1853
52.7	61	1853
52.7	61	1853
52.7	61	1853
52.7	61	1853
52.7	61	1853
52.7	61	1853
52.7	61	1853
52.7	61	1853
52.7	61	1853
52.7	61	1853
52.9	61	1853
52.9	61	1853
52.9	61	1853
52.9	61	1853
52.9	61	1851
52.9	61	1851
52.9	61	1851
52.9	61	1851
52.9	61	1851
52.2	61	1851
52.2	61	1851
52.2	61	1851
52.2	61	1851
52.2	61	1851
52.5	61	1850
52.5	61	1850
52.5	61	1850
52.5	61	1850
52.6	61	1850
52.6	61	1850
52.6	61	1850
52.6	61	1850
52.6	61	1850
52.6	61	1850
52.6	61	1850
52.6	61	1850
52.6	61	1850
52.7	61	1850
52.7	61	1850
52.7	61	1850
52.7	61	1850
52.7	61	1850
52.3	61	1850
52.3	61	1850
52.3	61	1850
52.3	61	1850
52.3	61	1850
52.4	61	1850
52.4	61	1850
52.4	61	1850
52.4	61	1850
52.3	61	1850
52.3	61	1850
52.3	61	1850
52.3	61	1850
52.3	61	1850
52.5	61	1850
52.5	61	1850
52.5	61	1850
52.5	61	1850
52.4	61	1849
52.4	61	1849
52.4	61	1849
52.4	61	1849
52.3	61	1848
52.3	61	1848
52.3	61	1848
52.3	61	1848
52.3	61	1848
52.2	61	1848
52.2	61	1848
52.2	61	1848
52.2	61	1848
52.2	61	1848
52.0	61	1849
52.0	61	1849
52.0	61	1849
52.0	61	1849
52.0	61	1849
52.4	61	1847
52.4	61	1847
52.4	61	1847
52.4	61	1847
52.2	61	1847
52.2	61	1847
52.2	61	1847
52.2	61	1847
52.2	61	1847
52.1	61	1848
52.1	61	1848
52.1	61	1848
52.1	61	1848
52.2	61	1847
52.2	61	1847
52.2	61	1847
52.2	61	1847
52.2	61	1847
51.9	61	1847
51.9	61	1847
51.9	61	1847
51.9	61	1847
51.9	61	1847
52.0	61	1846
52.0	61	1846
52.0	61	1846
52.0	61	1846
52.0	61	1846
52.1	61	1846
52.1	61	1846
52.1	61	1846
52.1	61	1846
51.9	61	1846
51.9	61	1846
51.9	61	1846
51.9	61	1846
51.9	61	1846
51.9	61	1846
51.9	61	1846
51.9	61	1846
51.9	61	1846
51.8	61	1845
51.8	61	1845
51.8	61	1845
51.8	61	1845
51.8	61	1845
51.8	61	1845
51.8	61	1845
51.8	61	1845
51.8	61	1845
51.8	61	1844
51.8	61	1844
51.8	61	1844
51.8	61	1844
51.8	61	1844
51.7	61	1844
51.7	61	1844
51.7	61	1844
51.7	61	1844
51.7	61	1843
51.7	61	1843
51.7	61	1843
51.7	61	1843
51.7	61	1843
51.6	61	1844
51.6	61	1844
51.6	61	1844
51.6	61	1844
51.6	61	1844
51.8	61	1843
51.8	61	1843
51.8	61	1843
51.8	61	1843
51.8	61	1843
51.6	61	1843
51.6	61	1843
51.6	61	1843
51.6	61	1843
51.5	61	1843
51.5	61	1843
51.5	61	1843
51.5	61	1843
51.4	61	1842
51.4	61	1842
51.4	61	1842
51.4	61	1842
51.4	61	1842
51.5	61	1842
51.5	61	1842
51.5	61	1842
51.5	61	1842
51.4	61	1842
51.4	61	1842
51.4	61	1842
51.4	61	1842
51.4	61	1842
51.3	61	1842
51.3	61	1842
51.3	61	1842
51.3	61	1842
51.4	61	1841
51.4	61	1841
51.4	61	1841
51.4	61	1841
51.4	61	1841
51.4	61	1841
51.4	61	1841
51.4	61	1841
51.4	61	1841
51.6	61	1840
51.6	61	1840
51.6	61	1840
51.6	61	1840
51.6	61	1840
51.1	61	1840
51.1	61	1840
51.1	61	1840
51.1	61	1840
51.1	61	1840
51.3	61	1841
51.3	61	1841
51.3	61	1841
51.3	61	1841
51.3	61	1841
51.4	61	1840
51.4	61	1840
51.4	61	1840
51.4	61	1840
51.4	61	1839
51.4	61	1839
51.4	61	1839
51.4	61	1839
51.4	61	1839
51.1	61	1840
51.1	61	1840
51.1	61	1840
51.1	61	1840
51.3	61	1840
51.3	61	1840
51.3	61	1840
51.3	61	1840
51.3	61	1840
51.2	61	1839
51.2	61	1839
51.2	61	1839
51.2	61	1839
51.2	61	1839
51.0	61	1838
51.0	61	1838
51.0	61	1838
51.0	61	1838
51.2	61	1838
51.2	61	1838
51.2	61	1838
51.2	61	1838
51.2	61	1838
51.0	61	1838
51.0	61	1838
51.0	61	1838
51.0	61	1838
50.8	61	1838
50.8	61	1838
50.8	61	1838
50.8	61	1838
50.8	61	1838
50.7	61	1837
50.7	61	1837
50.7	61	1837
50.7	61	1837
50.7	61	1837
51.0	61	1837
51.0	61	1837
51.0	61	1837
51.0	61	1837
51.0	61	1837
51.0	61	1837
51.0	61	1837
51.0	61	1837
51.0	61	1837
50.8	61	1836
50.8	61	1836
50.8	61	1836
50.8	61	1836
50.8	61	1836
51.1	61	1836
51.1	61	1836
51.1	61	1836
51.1	61	1836
51.1	61	1836
50.8	61	1836
50.8	61	1836
50.8	61	1836
50.8	61	1836
50.8	61	1836
50.8	61	1836
50.8	61	1836
50.8	61	1836
50.7	61	1835
50.7	61	1835
50.7	61	1835
50.7	61	1835
50.7	61	1835
50.8	61	1835
50.8	61	1835
50.8	61	1835
50.8	61	1835
50.8	61	1835
50.6	61	1835
50.6	61	1835
50.6	61	1835
50.6	61	1835
50.6	61	1835
50.9	61	1834
50.9	61	1834
50.9	61	1834
50.9	61	1834
50.7	61	1834
50.7	61	1834
50.7	61	1834
50.7	61	1834
50.7	61	1834
50.8	61	1833
50.8	61	1833
50.8	61	1833
50.8	61	1833
50.5	61	1834
50.5	61	1834
50.5	61	1834
50.5	61	1834
50.5	61	1834
50.4	61	1833
50.4	61	1833
50.4	61	1833
50.4	61	1833
50.6	61	1833
50.6	61	1833
50.6	61	1833
50.6	61	1833
50.6	61	1833
50.4	61	1833
50.4	61	1833
50.4	61	1833
50.4	61	1833
50.2	61	1833
50.2	61	1833
50.2	61	1833
50.2	61	1833
50.3	61	1832
50.3	61	1832
50.3	61	1832
50.3	61	1832
50.2	61	1832
50.2	61	1832
50.2	61	1832
50.2	61	1832
50.2	61	1832
50.6	61	1832
50.6	61	1832
50.6	61	1832
50.6	61	1832
50.4	61	1831
50.4	61	1831
50.4	61	1831
50.4	61	1831
50.3	61	1832
50.3	61	1832
50.3	61	1832
50.3	61	1832
50.3	61	1832
50.3	61	1831
50.3	61	1831
50.3	61	1831
50.3	61	1831
50.2	61	1831
50.2	61	1831
50.2	61	1831
50.2	61	1831
50.3	61	1831
50.3	61	1831
50.3	61	1831
50.3	61	1831
50.3	61	1831
50.1	61	1830
50.1	61	1830
50.1	61	1830
50.1	61	1830
50.1	61	1830
50.1	61	1830
50.1	61	1830
50.1	61	1830
50.1	61	1830
50.1	61	1830
50.1	61	1830
50.1	61	1830
50.1	61	1830
50.1	61	1829
50.1	61	1829
50.1	61	1829
50.1	61	1829
50.1	61	1829
50.3	61	1829
50.3	61	1829
50.3	61	1829
50.3	61	1829
50.0	61	1829
50.0	61	1829
50.0	61	1829
50.0	61	1829
50.0	61	1829
50.1	61	1829
50.1	61	1829
50.1	61	1829
50.1	61	1829
50.2	61	1828
50.2	61	1828
50.2	61	1828
50.2	61	1828
50.2	61	1828
49.8	61	1829
49.8	61	1829
49.8	61	1829
49.8	61	1829
49.9	61	1827
49.9	61	1827
49.9	61	1827
49.9	61	1827
49.9	61	1827
49.8	61	1827
49.8	61	1827
49.8	61	1827
49.8	61	1827
49.7	61	1827
49.7	61	1827
49.7	61	1827
49.7	61	1827
49.7	61	1827
49.8	61	1827
49.8	61	1827
49.8	61	1827
49.8	61	1827
49.8	61	1827
49.8	61	1827
49.8	61	1827
49.8	61	1827
49.8	61	1827
49.6	61	1826
49.6	61	1826
49.6	61	1826
49.6	61	1826
49.7	61	1826
49.7	61	1826
49.7	61	1826
49.7	61	1826
49.7	61	1826
49.7	61	1826
49.7	61	1826
49.7	61	1826
49.7	61	1826
49.7	61	1826
49.6	61	1826
49.6	61	1826
49.6	61	1826
49.6	61	1826
49.6	61	1826
49.7	61	1825
49.7	61	1825
49.7	61	1825
49.7	61	1825
49.5	61	1824
49.5	61	1824
49.5	61	1824
49.5	61	1824
49.5	61	1824
49.7	61	1824
49.7	61	1824
49.7	61	1824
49.7	61	1824
49.4	61	1824
49.4	61	1824
49.4	61	1824
49.4	61	1824
49.4	61	1824
49.6	61	1823
49.6	61	1823
49.6	61	1823
49.6	61	1823
49.6	61	1823
49.2	61	1824
49.2	61	1824
49.2	61	1824
49.2	61	1824
49.3	61	1823
49.3	61	1823
49.3	61	1823
49.3	61	1823
49.3	61	1823
49.5	61	1823
49.5	61	1823
49.5	61	1823
49.5	61	1823
49.5	61	1823
49.4	61	1822
49.4	61	1822
49.4	61	1822
49.4	61	1822
49.3	61	1822
49.3	61	1822
49.3	61	1822
49.3	61	1822
49.3	61	1822
49.3	61	1821
49.3	61	1821
49.3	61	1821
49.3	61	1821
49.1	62	1822
49.1	62	1822
49.1	62	1822
49.1	62	1822
49.1	62	1822
49.3	62	1822
49.3	62	1822
49.3	62	1822
49.3	62	1822
49.3	62	1822
49.2	62	1822
49.2	62	1822
49.2	62	1822
49.2	62	1822
49.4	61	1821
49.4	61	1821
49.4	61	1821
49.4	61	1821
49.4	61	1821
49.3	62	1821
49.3	62	1821
49.3	62	1821
49.3	62	1821
49.1	61	1821
49.1	61	1821
49.1	61	1821
49.1	61	1821
49.1	61	1821
49.0	62	1820
49.0	62	1820
49.0	62	1820
49.0	62	1820
48.9	62	1821
48.9	62	1821
48.9	62	1821
48.9	62	1821
48.9	62	1821
49.1	62	1819
49.1	62	1819
49.1	62	1819
49.1	62	1819
49.1	62	1819
49.0	62	1820
49.0	62	1820
49.0	62	1820
49.0	62	1820
48.9	62	1820
48.9	62	1820
48.9	62	1820
48.9	62	1820
48.9	62	1820
49.1	62	1818
49.1	62	1818
49.1	62	1818
49.1	62	1818
49.1	62	1818
49.0	62	1818
49.0	62	1818
49.0	62	1818
49.0	62	1818
49.0	62	1818
48.7	62	1819
48.7	62	1819
48.7	62	1819
48.7	62	1819
48.7	62	1818
48.7	62	1818
48.7	62	1818
48.7	62	1818
48.7	62	1818
48.7	62	1818
48.7	62	1818
48.7	62	1818
48.7	62	1818
48.7	62	1818
49.1	62	1817
49.1	62	1817
49.1	62	1817
49.1	62	1817
48.9	62	1817
48.9	62	1817
48.9	62	1817
48.9	62	1817
48.9	62	1817
48.7	62	1817
48.7	62	1817
48.7	62	1817
48.7	62	1817
48.5	62	1817
48.5	62	1817
48.5	62	1817
48.5	62	1817
48.5	62	1817
48.8	62	1815
48.8	62	1815
48.8	62	1815
48.8	62	1815
48.8	62	1815
48.8	62	1815
48.8	62	1815
48.8	62	1815
48.8	62	1815
48.8	62	1815
48.4	62	1816
48.4	62	1816
48.4	62	1816
48.4	62	1816
48.8	62	1815
48.8	62	1815
48.8	62	1815
48.8	62	1815
48.8	62	1815
48.7	62	1815
48.7	62	1815
48.7	62	1815
48.7	62	1815
48.7	62	1815
48.5	62	1814
48.5	62	1814
48.5	62	1814
48.5	62	1814
48.7	62	1814
48.7	62	1814
48.7	62	1814
48.7	62	1814
48.7	62	1814
48.4	62	1814
48.4	62	1814
48.4	62	1814
48.4	62	1814
48.4	62	1814
48.4	62	1815
48.4	62	1815
48.4	62	1815
48.4	62	1815
48.4	62	1815
48.3	62	1813
48.3	62	1813
48.3	62	1813
48.3	62	1813
48.3	62	1813
48.3	62	1813
48.3	62	1813
48.3	62	1813
48.3	62	1813
48.4	62	1813
48.4	62	1813
48.4	62	1813
48.4	62	1813
48.4	62	1813
48.4	62	1812
48.4	62	1812
48.4	62	1812
48.4	62	1812
48.4	62	1813
48.4	62	1813
48.4	62	1813
48.4	62	1813
48.4	62	1813
48.4	62	1812
48.4	62	1812
48.4	62	1812
48.4	62	1812
48.2	62	1812
48.2	62	1812
48.2	62	1812
48.2	62	1812
48.2	62	1812
48.2	62	1811
48.2	62	1811
48.2	62	1811
48.2	62	1811
48.5	62	1811
48.5	62	1811
48.5	62	1811
48.5	62	1811
48.5	62	1811
48.0	62	1811
48.0	62	1811
48.0	62	1811
48.0	62	1811
48.0	62	1811
48.1	62	1810
48.1	62	1810
48.1	62	1810
48.1	62	1810
48.1	62	1810
48.1	62	1811
48.1	62	1811
48.1	62	1811
48.1	62	1811
48.2	62	1810
48.2	62	1810
48.2	62	1810
48.2	62	1810
48.2	62	1810
48.1	62	1811
48.1	62	1811
48.1	62	1811
48.1	62	1811
48.1	62	1811
48.2	62	1809
48.2	62	1809
48.2	62	1809
48.2	62	1809
47.9	62	1810
47.9	62	1810
47.9	62	1810
47.9	62	1810
47.7	62	1810
47.7	62	1810
47.7	62	1810
47.7	62	1810
47.7	62	1810
48.0	62	1809
48.0	62	1809
48.0	62	1809
48.0	62	1809
47.8	62	1809
47.8	62	1809
47.8	62	1809
47.8	62	1809
47.8	62	1809
47.9	62	1808
47.9	62	1808
47.9	62	1808
47.9	62	1808
47.9	62	1808
48.0	62	1809
48.0	62	1809
48.0	62	1809
48.0	62	1809
47.6	62	1807
47.6	62	1807
47.6	62	1807
47.6	62	1807
47.6	62	1807
47.7	62	1808
47.7	62	1808
47.7	62	1808
47.7	62	1808
47.7	62	1808
47.8	62	1808
47.8	62	1808
47.8	62	1808
47.8	62	1808
47.7	62	1807
47.7	62	1807
47.7	62	1807
47.7	62	1807
47.7	62	1807
47.8	62	1807
47.8	62	1807
47.8	62	1807
47.8	62	1807
47.7	62	1807
47.7	62	1807
47.7	62	1807
47.7	62	1807
47.7	62	1807
47.7	62	1806
47.7	62	1806
47.7	62	1806
47.7	62	1806
47.7	62	1806
47.4	62	1806
47.4	62	1806
47.4	62	1806
47.4	62	1806
47.6	62	1806
47.6	62	1806
47.6	62	1806
47.6	62	1806
47.6	62	1806
47.4	62	1805
47.4	62	1805
47.4	62	1805
47.4	62	1805
47.6	62	1806
47.6	62	1806
47.6	62	1806
47.6	62	1806
47.6	62	1806
47.4	62	1805
47.4	62	1805
47.4	62	1805
47.4	62	1805
47.5	62	1804
47.5	62	1804
47.5	62	1804
47.5	62	1804
47.5	62	1804
47.3	62	1804
47.3	62	1804
47.3	62	1804
47.3	62	1804
47.3	62	1804
47.5	62	1804
47.5	62	1804
47.5	62	1804
47.5	62	1804
47.6	62	1804
47.6	62	1804
47.6	62	1804
47.6	62	1804
47.4	62	1803
47.4	62	1803
47.4	62	1803
47.4	62	1803
47.4	62	1803
47.5	62	1803
47.5	62	1803
47.5	62	1803
47.5	62	1803
47.2	62	1804
47.2	62	1804
47.2	62	1804
47.2	62	1804
47.2	62	1804
47.3	62	1803
47.3	62	1803
47.3	62	1803
47.3	62	1803
47.3	62	1802
47.3	62	1802
47.3	62	1802
47.3	62	1802
47.3	62	1802
47.2	62	1803
47.2	62	1803
47.2	62	1803
47.2	62	1803
47.2	62	1803
47.2	62	1802
47.2	62	1802
47.2	62	1802
47.2	62	1802
47.1	62	1801
47.1	62	1801
47.1	62	1801
47.1	62	1801
47.1	62	1801
47.0	62	1803
47.0	62	1803
47.0	62	1803
47.0	62	1803
47.1	62	1801
47.1	62	1801
47.1	62	1801
47.1	62	1801
47.0	62	1802
47.0	62	1802
47.0	62	1802
47.0	62	1802
47.0	62	1802
47.0	62	1801
47.0	62	1801
47.0	62	1801
47.0	62	1801
47.0	62	1801
47.0	62	1801
47.0	62	1801
47.0	62	1801
47.0	62	1801
47.1	62	1801
47.1	62	1801
47.1	62	1801
47.1	62	1801
47.2	62	1800
47.2	62	1800
47.2	62	1800
47.2	62	1800
47.2	62	1800
46.8	62	1799
46.8	62	1799
46.8	62	1799
46.8	62	1799
47.1	62	1800
47.1	62	1800
47.1	62	1800
47.1	62	1800
47.1	62	1800
47.1	62	1799
47.1	62	1799
47.1	62	1799
47.1	62	1799
46.9	62	1800
46.9	62	1800
46.9	62	1800
46.9	62	1800
46.9	62	1800
47.1	62	1799
47.1	62	1799
47.1	62	1799
47.1	62	1799
47.1	62	1799
46.8	62	1798
46.8	62	1798
46.8	62	1798
46.8	62	1798
46.8	62	1799
46.8	62	1799
46.8	62	1799
46.8	62	1799
46.8	62	1799
46.6	62	1798
46.6	62	1798
46.6	62	1798
46.6	62	1798
46.8	62	1798
46.8	62	1798
46.8	62	1798
46.8	62	1798
46.8	62	1798
46.9	62	1797
46.9	62	1797
46.9	62	1797
46.9	62	1797
46.6	62	1797
46.6	62	1797
46.6	62	1797
46.6	62	1797
46.6	62	1797
46.5	62	1796
46.5	62	1796
46.5	62	1796
46.5	62	1796
46.5	62	1796
46.8	62	1796
46.8	62	1796
46.8	62	1796
46.8	62	1796
46.8	62	1796
46.6	62	1797
46.6	62	1797
46.6	62	1797
46.6	62	1797
46.4	62	1797
46.4	62	1797
46.4	62	1797
46.4	62	1797
46.4	62	1797
46.4	62	1796
46.4	62	1796
46.4	62	1796
46.4	62	1796
46.8	62	1795
46.8	62	1795
46.8	62	1795
46.8	62	1795
46.8	62	1795
46.5	62	1795
46.5	62	1795
46.5	62	1795
46.5	62	1795
46.4	62	1795
46.4	62	1795
46.4	62	1795
46.4	62	1795
46.4	62	1795
46.5	62	1795
46.5	62	1795
46.5	62	1795
46.5	62	1795
46.5	62	1795
46.4	62	1794
46.4	62	1794
46.4	62	1794
46.4	62	1794
46.5	62	1795
46.5	62	1795
46.5	62	1795
46.5	62	1795
46.5	62	1795
46.5	62	1794
46.5	62	1794
46.5	62	1794
46.5	62	1794
46.2	62	1794
46.2	62	1794
46.2	62	1794
46.2	62	1794
46.2	62	1794
46.4	62	1794
46.4	62	1794
46.4	62	1794
46.4	62	1794
46.4	62	1794
46.4	62	1793
46.4	62	1793
46.4	62	1793
46.4	62	1793
46.4	62	1793
46.3	62	1792
46.3	62	1792
46.3	62	1792
46.3	62	1792
46.4	62	1792
46.4	62	1792
46.4	62	1792
46.4	62	1792
46.4	62	1792
46.1	62	1793
46.1	62	1793
46.1	62	1793
46.1	62	1793
46.1	62	1793
46.3	62	1792
46.3	62	1792
46.3	62	1792
46.3	62	1792
46.3	62	1792
46.3	62	1792
46.3	62	1792
46.3	62	1792
46.3	62	1792
46.0	62	1792
46.0	62	1792
46.0	62	1792
46.0	62	1792
46.0	62	1792
46.1	62	1791
46.1	62	1791
46.1	62	1791
46.1	62	1791
46.1	62	1791
46.1	62	1791
46.1	62	1791
46.1	62	1791
46.0	62	1791
46.0	62	1791
46.0	62	1791
46.0	62	1791
46.0	62	1790
46.0	62	1790
46.0	62	1790
46.0	62	1790
46.0	62	1790
46.2	62	1791
46.2	62	1791
46.2	62	1791
46.2	62	1791
46.0	62	1790
46.0	62	1790
46.0	62	1790
46.0	62	1790
46.0	62	1790
46.0	62	1790
46.0	62	1790
46.0	62	1790
46.0	62	1790
46.0	62	1789
46.0	62	1789
46.0	62	1789
46.0	62	1789
46.0	62	1789
45.8	62	1789
45.8	62	1789
45.8	62	1789
45.8	62	1789
45.9	62	1789
45.9	62	1789
45.9	62	1789
45.9	62	1789
45.9	62	1789
46.0	62	1789
46.0	62	1789
46.0	62	1789
46.0	62	1789
45.8	62	1789
45.8	62	1789
45.8	62	1789
45.8	62	1789
45.8	62	1789
46.0	62	1788
46.0	62	1788
46.0	62	1788
46.0	62	1788
46.0	62	1789
46.0	62	1789
46.0	62	1789
46.0	62	1789
46.0	62	1789
45.8	62	1788
45.8	62	1788
45.8	62	1788
45.8	62	1788
45.8	62	1788
45.7	62	1787
45.7	62	1787
45.7	62	1787
45.7	62	1787
45.8	62	1787
45.8	62	1787
45.8	62	1787
45.8	62	1787
45.8	62	1787
45.7	62	1788
45.7	62	1788
45.7	62	1788
45.7	62	1788
45.7	62	1788
45.7	62	1787
45.7	62	1787
45.7	62	1787
45.7	62	1787
45.7	62	1787
45.7	62	1787
45.7	62	1787
45.7	62	1787
45.7	62	1787
45.6	62	1786
45.6	62	1786
45.6	62	1786
45.6	62	1786
45.6	62	1786
45.6	62	1786
45.6	62	1786
45.6	62	1786
45.6	62	1786
45.6	62	1786
45.6	62	1786
45.6	62	1786
45.6	62	1786
45.6	62	1786
45.5	62	1786
45.5	62	1786
45.5	62	1786
45.5	62	1786
45.5	62	1785
45.5	62	1785
45.5	62	1785
45.5	62	1785
45.5	62	1785
45.6	62	1785
45.6	62	1785
45.6	62	1785
45.6	62	1785
45.3	62	1785
45.3	62	1785
45.3	62	1785
45.3	62	1785
45.3	62	1785
45.4	62	1785
45.4	62	1785
45.4	62	1785
45.4	62	1785
45.4	62	1784
45.4	62	1784
45.4	62	1784
45.4	62	1784
45.4	62	1784
45.3	62	1785
45.3	62	1785
45.3	62	1785
45.3	62	1785
45.3	62	1785
45.2	62	1784
45.2	62	1784
45.2	62	1784
45.2	62	1784
45.2	62	1784
45.3	62	1783
45.3	62	1783
45.3	62	1783
45.3	62	1783
45.2	62	1784
45.2	62	1784
45.2	62	1784
45.2	62	1784
45.2	62	1784
45.3	62	1783
45.3	62	1783
45.3	62	1783
45.3	62	1783
45.3	62	1783
45.3	62	1783
45.3	62	1783
45.3	62	1783
45.3	62	1783
45.3	62	1782
45.3	62	1782
45.3	62	1782
45.3	62	1782
45.1	62	1783
45.1	62	1783
45.1	62	1783
45.1	62	1783
45.1	62	1783
45.2	62	1783
45.2	62	1783
45.2	62	1783
45.2	62	1783
45.1	62	1782
45.1	62	1782
45.1	62	1782
45.1	62	1782
45.1	62	1782
45.0	62	1782
45.0	62	1782
45.0	62	1782
45.0	62	1782
45.0	62	1782
45.0	62	1782
45.0	62	1782
45.0	62	1782
45.0	62	1782
45.0	62	1782
45.2	62	1781
45.2	62	1781
45.2	62	1781
45.2	62	1781
44.9	62	1781
44.9	62	1781
44.9	62	1781
44.9	62	1781
44.9	62	1781
44.9	62	1780
44.9	62	1780
44.9	62	1780
44.9	62	1780
44.9	62	1780
45.0	62	1780
45.0	62	1780
45.0	62	1780
45.0	62	1780
45.0	62	1781
45.0	62	1781
45.0	62	1781
45.0	62	1781
45.0	62	1781
44.9	62	1780
44.9	62	1780
44.9	62	1780
44.9	62	1780
44.9	62	1780
44.7	62	1781
44.7	62	1781
44.7	62	1781
44.7	62	1781
44.7	62	1780
44.7	62	1780
44.7	62	1780
44.7	62	1780
44.7	62	1780
45.0	62	1778
45.0	62	1778
45.0	62	1778
45.0	62	1778
44.9	62	1779
44.9	62	1779
44.9	62	1779
44.9	62	1779
44.9	62	1779
44.8	62	1779
44.8	62	1779
44.8	62	1779
44.8	62	1779
44.9	62	1779
44.9	62	1779
44.9	62	1779
44.9	62	1779
44.9	62	1779
44.8	62	1778
44.8	62	1778
44.8	62	1778
44.8	62	1778
44.8	62	1778
44.8	62	1777
44.8	62	1777
44.8	62	1777
44.8	62	1777
44.8	62	1778
44.8	62	1778
44.8	62	1778
44.8	62	1778
44.8	62	1778
44.7	62	1778
44.7	62	1778
44.7	62	1778
44.7	62	1778
44.7	62	1778
44.7	62	1777
44.7	62	1777
44.7	62	1777
44.7	62	1777
44.7	62	1777
44.6	62	1777
44.6	62	1777
44.6	62	1777
44.6	62	1777
44.7	62	1776
44.7	62	1776
44.7	62	1776
44.7	62	1776
44.7	62	1776
44.6	62	1776
44.6	62	1776
44.6	62	1776
44.6	62	1776
44.6	62	1776
44.5	62	1776
44.5	62	1776
44.5	62	1776
44.5	62	1776
44.4	62	1776
44.4	62	1776
44.4	62	1776
44.4	62	1776
44.6	62	1775
44.6	62	1775
44.6	62	1775
44.6	62	1775
44.6	62	1775
44.5	62	1775
44.5	62	1775
44.5	62	1775
44.5	62	1775
44.5	62	1775
44.4	62	1776
44.4	62	1776
44.4	62	1776
44.4	62	1776
44.3	62	1775
44.3	62	1775
44.3	62	1775
44.3	62	1775
44.3	62	1775
44.4	62	1775
44.4	62	1775
44.4	62	1775
44.4	62	1775
44.3	62	1774
44.3	62	1774
44.3	62	1774
44.3	62	1774
44.3	62	1775
44.3	62	1775
44.3	62	1775
44.3	62	1775
44.3	62	1775
44.4	62	1774
44.4	62	1774
44.4	62	1774
44.4	62	1774
44.2	62	1774
44.2	62	1774
44.2	62	1774
44.2	62	1774
44.2	62	1774
44.3	62	1774
44.3	62	1774
44.3	62	1774
44.3	62	1774
44.4	62	1774
44.4	62	1774
44.4	62	1774
44.4	62	1774
44.4	62	1774
44.2	62	1774
44.2	62	1774
44.2	62	1774
44.2	62	1774
44.3	62	1773
44.3	62	1773
44.3	62	1773
44.3	62	1773
44.3	62	1773
44.1	62	1773
44.1	62	1773
44.1	62	1773
44.1	62	1773
44.4	62	1772
44.4	62	1772
44.4	62	1772
44.4	62	1772
44.4	62	1772
44.2	62	1772
44.2	62	1772
44.2	62	1772
44.2	62	1772
44.2	62	1772
44.1	62	1773
44.1	62	1773
44.1	62	1773
44.1	62	1773
44.1	62	1773
44.2	62	1771
44.2	62	1771
44.2	62	1771
44.2	62	1771
44.1	62	1772
44.1	62	1772
44.1	62	1772
44.1	62	1772
44.1	62	1772
44.2	62	1771
44.2	62	1771
44.2	62	1771
44.2	62	1771
44.3	62	1771
44.3	62	1771
44.3	62	1771
44.3	62	1771
44.3	62	1771
44.0	62	1770
44.0	62	1770
44.0	62	1770
44.0	62	1770
44.0	62	1770
44.0	62	1770
44.0	62	1770
44.0	62	1770
44.0	62	1770
44.0	62	1770
44.1	62	1769
44.1	62	1769
44.1	62	1769
44.1	62	1769
43.8	62	1770
43.8	62	1770
43.8	62	1770
43.8	62	1770
43.8	62	1770
43.8	62	1770
43.8	62	1770
43.8	62	1770
43.8	62	1770
44.0	62	1769
44.0	62	1769
44.0	62	1769
44.0	62	1769
44.0	62	1769
43.9	62	1770
43.9	62	1770
43.9	62	1770
43.9	62	1770
43.9	62	1770
43.7	62	1769
43.7	62	1769
43.7	62	1769
43.7	62	1769
43.8	62	1768
43.8	62	1768
43.8	62	1768
43.8	62	1768
43.8	62	1768
43.8	62	1768
43.8	62	1768
43.8	62	1768
43.8	62	1768
43.6	62	1768
43.6	62	1768
43.6	62	1768
43.6	62	1768
43.6	62	1768
43.7	62	1768
43.7	62	1768
43.7	62	1768
43.7	62	1768
43.7	62	1768
43.8	62	1768
43.8	62	1768
43.8	62	1768
43.8	62	1768
43.8	62	1768
43.8	62	1768
43.8	62	1768
43.8	62	1768
43.8	62	1768
43.8	62	1768
43.8	62	1768
43.8	62	1768
43.8	62	1768
43.7	62	1768
43.7	62	1768
43.7	62	1768
43.7	62	1768
43.7	62	1768
43.9	62	1767
43.9	62	1767
43.9	62	1767
43.9	62	1767
43.9	62	1767
43.7	62	1767
43.7	62	1767
43.7	62	1767
43.7	62	1767
43.5	62	1767
43.5	62	1767
43.5	62	1767
43.5	62	1767
43.5	62	1767
43.6	62	1766
43.6	62	1766
43.6	62	1766
43.6	62	1766
43.6	62	1766
43.8	62	1766
43.8	62	1766
43.8	62	1766
43.8	62	1766
43.8	62	1766
43.6	62	1766
43.6	62	1766
43.6	62	1766
43.6	62	1766
43.3	62	1765
43.3	62	1765
43.3	62	1765
43.3	62	1765
43.3	62	1765
43.5	62	1766
43.5	62	1766
43.5	62	1766
43.5	62	1766
43.5	62	1766
43.4	62	1765
43.4	62	1765
43.4	62	1765
43.4	62	1765
43.4	62	1765
43.4	62	1765
43.4	62	1765
43.4	62	1765
43.4	62	1765
43.3	62	1765
43.3	62	1765
43.3	62	1765
43.3	62	1765
43.3	62	1765
43.4	62	1765
43.4	62	1765
43.4	62	1765
43.4	62	1765
43.4	62	1765
43.6	62	1764
43.6	62	1764
43.6	62	1764
43.6	62	1764
43.5	62	1764
43.5	62	1764
43.5	62	1764
43.5	62	1764
43.5	62	1764
43.3	62	1764
43.3	62	1764
43.3	62	1764
43.3	62	1764
43.4	62	1763
43.4	62	1763
43.4	62	1763
43.4	62	1763
43.4	62	1763
43.3	62	1763
43.3	62	1763
43.3	62	1763
43.3	62	1763
43.3	62	1763
43.3	62	1763
43.3	62	1763
43.3	62	1763
43.3	62	1763
43.2	62	1763
43.2	62	1763
43.2	62	1763
43.2	62	1763
43.2	62	1763
43.2	62	1762
43.2	62	1762
43.2	62	1762
43.2	62	1762
43.4	62	1762
43.4	62	1762
43.4	62	1762
43.4	62	1762
43.4	62	1762
43.4	62	1762
43.4	62	1762
43.4	62	1762
43.4	62	1762
43.1	62	1762
43.1	62	1762
43.1	62	1762
43.1	62	1762
43.1	62	1762
43.3	62	1761
43.3	62	1761
43.3	62	1761
43.3	62	1761
43.3	62	1761
43.1	62	1762
43.1	62	1762
43.1	62	1762
43.1	62	1762
43.0	62	1762
43.0	62	1762
43.0	62	1762
43.0	62	1762
43.0	62	1762
43.2	62	1760
43.2	62	1760
43.2	62	1760
43.2	62	1760
43.2	62	1760
43.3	62	1760
43.3	62	1760
43.3	62	1760
43.3	62	1760
